"word_id","first","original_pair","second","syll","original_freq","replacement_pair","replacement_syll","replacement_freq","freq_diff","char_diff","letter_diff","original_word","replacement_word"
144,"ad","ad-last_blank","last_blank",1,135,"ek-last_blank","ek",135,0,0,1,"abad","abek"
839,"ab","ab-ad","ad",1,19,"br-ad","br",19,0,0,1,"abadi","bradi"
146,"ab","ab-u","u",1,7,"ie-u","ie",7,0,0,1,"abu","ieu"
993,"il","il-last_blank","last_blank",1,184,"ck-last_blank","ck",185,1,0,1,"adil","adck"
684,"ad","ad-mi","mi",1,9,"fa-mi","fa",9,0,0,1,"administrasi","faministrasi"
16,"af","af-ri","ri",1,7,"af-te","te",7,0,0,1,"afrika","afteka"
158,"first_blank","first_blank-ag","ag",1,123,"first_blank-sw","sw",123,0,0,1,"agen","swen"
169," b"," b-ed","ed",1,1,"ha-ed","ha",1,0,0,1,"ahli bedah","ahlihaedah"
243,"ai","ai-ds","ds",1,1,"rl-ds","rl",1,0,0,1,"aids","rlds"
571,"ak","ak-hi","hi",1,31,"ic-hi","ic",31,0,0,1,"akhir","ichir"
634,"hi","hi-rn","rn",1,7,"hi-ck","ck",7,0,0,1,"akhirnya","akhickya"
9,"first_blank","first_blank-ak","ak",1,351,"first_blank-wi","wi",349,2,0,1,"aktif","witif"
637,"am","am-i","i",1,40,"ka-i","ka",41,1,0,1,"alami","alkai"
566,"al","al-as","as",1,37,"st-as","st",36,1,0,1,"alasan","stasan"
261,"al","al-at","at",1,12,"al-er","er",12,0,0,1,"alat","aler"
406,"bu","bu-m","m",1,4,"ol-m","ol",4,0,0,1,"album","alolm"
110,"al","al-ki","ki",1,8,"al-if","if",8,0,0,1,"alkitab","aliftab"
625,"al","al-ko","ko",1,7,"na-ko","na",7,0,0,1,"alkohol","nakohol"
890,"am","am-al","al",1,16,"ku-al","ku",16,0,0,1,"amal","kual"
15,"first_blank","first_blank-am","am",1,332,"first_blank-no","no",333,1,0,1,"aman","noan"
344,"first_blank","first_blank-am","am",1,332,"first_blank-ni","ni",332,0,0,1,"amarah","niarah"
781,"at","at-ir","ir",1,37,"nd-ir","nd",37,0,0,1,"amatir","amndir"
237,"first_blank","first_blank-am","am",1,332,"first_blank-ni","ni",332,0,0,1,"ambulans","nibulans"
346,"op","op-last_blank","last_blank",1,62,"dy-last_blank","dy",62,0,0,1,"amplop","ampldy"
130,"ak","ak- l"," l",1,1,"ak-ze","ze",1,0,0,1,"anak laki-laki","anakzeakilaki"
454," m"," m-ud","ud",1,1,"bh-ud","bh",1,0,0,1,"anak muda","anakbhuda"
790," p"," p-er","er",1,1,"nm-er","nm",1,0,0,1,"anak perempuan","anaknmerempuan"
697,"an","an-al","al",1,33,"an-yi","yi",32,1,0,1,"analis","anyiis"
303,"an","an-ar","ar",1,6,"an-gp","gp",6,0,0,1,"anarki","angpki"
142,"an","an-gg","gg",1,109,"an-ti","ti",109,0,0,1,"anggaran","antiaran"
688,"ot","ot-a","a",1,16,"pp-a","pp",16,0,0,1,"anggota","anggppa"
821,"gg","gg-ur","ur",1,8,"ab-ur","ab",8,0,0,1,"anggur","anabur"
38,"gi","gi-n","n",1,31,"or-n","or",31,0,0,1,"angin","anorn"
27,"au","au-t","t",1,12,"ro-t","ro",12,0,0,1,"angkatan laut","angkatan lrot"
62,"gs","gs-a","a",1,4,"oz-a","oz",4,0,0,1,"angsa","anoza"
399,"ji","ji-ng","ng",1,36,"ge-ng","ge",37,1,0,1,"anjing","angeng"
949,"on","on-im","im",1,6,"on-ai","ai",6,0,0,1,"anonim","anonai"
198,"as","as-me","me",1,4,"as-ir","ir",4,0,0,1,"antusiasme","antusiasir"
268,"first_blank","first_blank-ap","ap",1,218,"first_blank-fl","fl",220,2,0,1,"apa","fla"
108,"first_blank","first_blank-ap","ap",1,218,"first_blank-en","en",218,0,0,1,"apel","enel"
26,"ap","ap-i","i",1,27,"us-i","us",27,0,0,1,"api","usi"
467,"ar","ar-en","en",1,15,"tm-en","tm",15,0,0,1,"arena","tmena"
465,"ti","ti-fa","fa",1,9,"ti-mo","mo",9,0,0,1,"artifact","artimoct"
391,"ti","ti-ke","ke",1,8,"is-ke","is",8,0,0,1,"artikel","ariskel"
662,"ar","ar-ti","ti",1,55,"ar-is","is",55,0,0,1,"artis","ariss"
817,"as","as-li","li",1,6,"as-su","su",6,0,0,1,"asli","assu"
602,"pi","pi-ri","ri",1,14,"do-ri","do",14,0,0,1,"aspirin","asdorin"
761,"on","on-au","au",1,1,"on-og","og",1,0,0,1,"astronaut","astronogt"
60,"at","at-as","as",1,50,"at-in","in",50,0,0,1,"atas","atin"
623,"at","at-om","om",1,11,"at-ed","ed",11,0,0,1,"atom","ated"
773,"at","at-ur","ur",1,40,"at-ik","ik",40,0,0,1,"aturan","atikan"
19,"to","to-ps","ps",1,9,"to-la","la",9,0,0,1,"autopsi","autolai"
272,"en","en-ue","ue",1,1,"en-dm","dm",1,0,0,1,"avenue","avendm"
545,"ak","ak- k"," k",1,1,"ak-aj","aj",1,0,0,1,"awak kapal","awakajapal"
291,"first_blank","first_blank-aw","aw",1,49,"first_blank-zu","zu",49,0,0,1,"awan","zuan"
112,"ay","ay-ah","ah",1,17,"rb-ah","rb",17,0,0,1,"ayah","rbah"
973,"ay","ay-am","am",1,12,"rj-am","rj",12,0,0,1,"ayam","rjam"
140,"ba","ba-bi","bi",1,10,"ba-tr","tr",10,0,0,1,"babi","batr"
561,"ba","ba-ca","ca",1,16,"en-ca","en",16,0,0,1,"baca","enca"
23,"ba","ba-da","da",1,18,"ku-da","ku",18,0,0,1,"badai","kudai"
218,"gi","gi-an","an",1,46,"pl-an","pl",46,0,0,1,"bagian","baplan"
114,"gu","gu-s","s",1,19,"ki-s","ki",19,0,0,1,"bagus","bakis"
40,"gu","gu-s ","s ",1,1,"gu-nr","nr",1,0,0,1,"bagus sekali","bagunrsekali"
99,"mi","mi-a","a",1,18,"od-a","od",18,0,0,1,"bahan kimia","bahan kioda"
726,"sa","sa- i"," i",1,1,"sa-mn","mn",1,0,0,1,"bahasa inggris","bahasamnnggris"
440,"ba","ba-hu","hu",1,11,"ba-an","an",11,0,0,1,"bahu","baan"
120,"ik","ik-last_blank","last_blank",1,315,"ed-last_blank","ed",313,2,0,1,"baik","baed"
658,"k ","k -la","la",1,1,"fo-la","fo",1,0,0,1,"bajak laut","bajafolaut"
84,"ba","ba-ng","ng",1,204,"ri-ng","ri",205,1,0,1,"bangga","ringga"
68,"wa","wa-n","n",1,59,"ki-n","ki",59,0,0,1,"bangsawan","bangsakin"
264,"nk","nk-ir","ir",1,4,"ra-ir","ra",4,0,0,1,"bankir","barair"
957,"ra","ra-t","t",1,58,"an-t","an",59,1,0,1,"barat","baant"
136,"ba","ba-ro","ro",1,10,"ba-tr","tr",10,0,0,1,"baron","batrn"
453,"si","si-s","s",1,44,"ou-s","ou",44,0,0,1,"basis","baous"
58,"ba","ba-tu","tu",1,20,"pe-tu","pe",20,0,0,1,"batu","petu"
596,"tu","tu- b"," b",1,1,"tu-pl","pl",1,0,0,1,"batu bara","batuplara"
148,"ba","ba-tu","tu",1,20,"se-tu","se",20,0,0,1,"batuk","setuk"
61," p"," p-ut","ut",1,1,"co-ut","co",1,0,0,1,"bawang putih","bawangcoutih"
207,"ba","ba-ya","ya",1,45,"en-ya","en",46,1,0,1,"bayangan","enyangan"
17,"ba","ba-yi","yi",1,5,"ba-cc","cc",5,0,0,1,"bayi","bacc"
215,"ba","ba-s","s",1,21,"is-s","is",21,0,0,1,"bebas","beiss"
624,"na","na-r","r",1,32,"ki-r","ki",32,0,0,1,"benar","bekir"
31,"an","an-g ","g ",1,1,"an-lu","lu",1,0,0,1,"benda terbang aneh","benda terbanluaneh"
866,"be","be-nd","nd",1,33,"ko-nd","ko",33,0,0,1,"bendera","kondera"
202,"ng","ng-ke","ke",1,30,"ku-ke","ku",30,0,0,1,"bengkel","bekukel"
712,"ra","ra-rt","rt",1,2,"ra-pl","pl",2,0,0,1,"berarti","berapli"
50,"ra","ra-t","t",1,58,"an-t","an",59,1,0,1,"berat","beant"
506,"rb","rb-el","el",1,22,"nc-el","nc",22,0,0,1,"berbelok","bencelok"
675,"rb","rb-oh","oh",1,4,"rb-us","us",4,0,0,1,"berbohong","berbusong"
173,"rd","rd-ir","ir",1,9,"nt-ir","nt",9,0,0,1,"berdiri","bentiri"
968,"rg","rg-er","er",1,35,"at-er","at",35,0,0,1,"bergerak","beaterak"
175,"rg","rg-un","un",1,12,"hy-un","hy",12,0,0,1,"berguna","behyuna"
711,"rh","rh-ar","ar",1,20,"ay-ar","ay",20,0,0,1,"berharga","beayarga"
266,"ri","ri-si","si",1,32,"va-si","va",32,0,0,1,"berisi","bevasi"
69,"si","si-ko","ko",1,16,"si-nt","nt",16,0,0,1,"berisiko","berisint"
770,"rj","rj-ud","ud",1,4,"rj-ej","ej",4,0,0,1,"berjudi","berjeji"
72,"rk","rk-ar","ar",1,16,"pe-ar","pe",16,0,0,1,"berkarat","bepearat"
533,"rl","rl-ak","ak",1,20,"ep-ak","ep",19,1,0,1,"berlaku","beepaku"
738,"rl","rl-ia","ia",1,10,"ga-ia","ga",10,0,0,1,"berlian","begaian"
737,"rm","rm-ai","ai",1,30,"ng-ai","ng",27,3,0,1,"bermain","bengain"
671,"ro","ro-pe","pe",1,6,"ro-wo","wo",6,0,0,1,"beroperasi","beroworasi"
125,"in","in-ar","ar",1,15,"qu-ar","qu",15,0,0,1,"bersinar","bersquar"
891,"rs","rs-um","um",1,6,"rs-eg","eg",6,0,0,1,"bersumpah","bersegpah"
936,"rs","rs-yu","yu",1,3,"rs-he","he",3,0,0,1,"bersyukur","bershekur"
858,"ru","ru-an","an",1,49,"im-an","im",48,1,0,1,"beruang","beimang"
824,"sa","sa-r","r",1,29,"fe-r","fe",29,0,0,1,"besar","befer"
431,"be","be-si","si",1,8,"be-lm","lm",8,0,0,1,"besi","belm"
636,"be","be-so","so",1,2,"hn-so","hn",2,0,0,1,"besok","hnsok"
695,"ar","ar-aw","aw",1,2,"ub-aw","ub",2,0,0,1,"biarawan","biubawan"
95,"bi","bi-as","as",1,23,"aw-as","aw",24,1,0,1,"biasa","awasa"
96,"bi","bi-as","as",1,23,"bi-ja","ja",22,1,0,1,"biasanya","bijaanya"
764,"bi","bi-r","r",1,7,"cu-r","cu",7,0,0,1,"bibir","bicur"
71,"bi","bi-ca","ca",1,20,"bi-bi","bi",20,0,0,1,"bicara","bibira"
828,"ng","ng- b"," b",1,1,"ng-pl","pl",1,0,0,1,"binatang buas","binatangpluas"
908,"os","os-ko","ko",1,10,"ke-ko","ke",10,0,0,1,"bioskop","bikekop"
958,"bo","bo-bo","bo",1,16,"bo-tt","tt",16,0,0,1,"bobot","bottt"
248,"bo","bo-do","do",1,22,"bo-ok","ok",22,0,0,1,"bodoh","bookh"
852," b"," b-as","as",1,1,"np-as","np",1,0,0,1,"bola basket","bolanpasket"
178,"bo","bo-m","m",1,4,"ol-m","ol",4,0,0,1,"bom","olm"
442,"ne","ne-ka","ka",1,18,"ne-nt","nt",18,0,0,1,"boneka","bonent"
224,"bo","bo-nu","nu",1,4,"an-nu","an",4,0,0,1,"bonus","annus"
853,"bo","bo-ot","ot",1,17,"bo-ro","ro",17,0,0,1,"boot","boro"
13,"av","av-o","o",1,3,"sh-o","sh",3,0,0,1,"bravo","brsho"
331,"ut","ut-al","al",1,4,"ut-ri","ri",4,0,0,1,"brutal","brutri"
161,"k ","k -me","me",1,1,"gæ-me","gæ",1,0,0,1,"bubuk mesiu","bubugæmesiu"
659,"da","da-k","k",1,45,"ac-k","ac",45,0,0,1,"budak","buack"
723,"bu","bu-da","da",1,23,"re-da","re",24,1,0,1,"budaya","redaya"
219,"bu","bu-ki","ki",1,6,"bu-en","en",6,0,0,1,"bukit","buent"
109,"kt","kt-i","i",1,7,"uc-i","uc",7,0,0,1,"bukti","buuci"
459,"bu","bu-la","la",1,29,"je-la","je",30,1,0,1,"bulan","jelan"
836,"la","la-t","t",1,32,"ar-t","ar",32,0,0,1,"bulat","buart"
932,"bu","bu-li","li",1,10,"bu-kk","kk",10,0,0,1,"bulir","bukkr"
312,"first_blank","first_blank-bu","bu",1,696,"first_blank-an","an",701,5,0,1,"bung","anng"
679,"h ","h -di","di",1,1,"oh-di","oh",1,0,0,1,"bunuh diri","bunuohdiri"
972,"bu","bu-ta","ta",1,30,"bu-ny","ny",32,2,0,1,"buta","buny"
977,"ca","ca-ci","ci",1,7,"ca-in","in",7,0,0,1,"cacing","cainng"
808,"ca","ca-es","es",1,5,"ag-es","ag",5,0,0,1,"caesar","agesar"
117,"ca","ca-ir","ir",1,10,"ca-de","de",10,0,0,1,"cairan","cadean"
685,"ca","ca-lo","lo",1,10,"ca-de","de",10,0,0,1,"calon","caden"
445,"ca","ca-mi","mi",1,9,"ar-mi","ar",9,0,0,1,"camilan","armilan"
390,"ki","ki-r","r",1,32,"tu-r","tu",32,0,0,1,"cangkir","cangtur"
121,"nt","nt-ik","ik",1,89,"nt-ar","ar",89,0,0,1,"cantik","cantar"
923,"ca","ca-ri","ri",1,35,"ca-nd","nd",40,5,0,1,"cari","cand"
857,"ca","ca-t","t",1,17,"rs-t","rs",17,0,0,1,"cat","rst"
801,"ta","ta-ta","ta",1,28,"si-ta","si",28,0,0,1,"catatan","casitan"
216,"ce","ce-ma","ma",1,19,"lu-ma","lu",19,0,0,1,"cemas","lumas"
452,"ce","ce-mb","mb",1,15,"nu-mb","nu",15,0,0,1,"cemburu","numburu"
438,"ce","ce-rd","rd",1,17,"ce-ll","ll",17,0,0,1,"cerdas","cellas"
727,"ip","ip-last_blank","last_blank",1,66,"pe-last_blank","pe",66,0,0,1,"chip","chpe"
295,"ci","ci-nc","nc",1,14,"ci-ta","ta",14,0,0,1,"cincin","citain"
495,"um","um-an","an",1,20,"ma-an","ma",20,0,0,1,"ciuman","cimaan"
101,"la","la-t","t",1,32,"ar-t","ar",32,0,0,1,"cokelat","cokeart"
352,"cu","cu-last_blank","last_blank",1,19,"ig-last_blank","ig",19,0,0,1,"cucu","cuig"
477,"ku","ku-p","p",1,10,"oo-p","oo",10,0,0,1,"cukup","cuoop"
600,"cu","cu-pl","pl",1,2,"cu-lv","lv",2,0,0,1,"cuplikan","culvikan"
138,"da","da-er","er",1,8,"eg-er","eg",8,0,0,1,"daerah","egerah"
7,"first_blank","first_blank-da","da",1,777,"first_blank-mo","mo",776,1,0,1,"darah","morah"
256,"first_blank","first_blank-da","da",1,777,"first_blank-mo","mo",776,1,0,1,"data","mota"
782,"de","de-ka","ka",1,36,"ja-ka","ja",36,0,0,1,"dekan","jakan"
152," t"," t-eg","eg",1,1,"le-eg","le",1,0,0,1,"dengan tegas","denganleegas"
65,"de","de-pa","pa",1,29,"em-pa","em",31,2,0,1,"depan","empan"
913,"de","de-ta","ta",1,15,"de-vi","vi",15,0,0,1,"detak","devik"
956,"de","de-to","to",1,8,"de-ns","ns",8,0,0,1,"detonator","densnator"
253,"wa","wa-sa","sa",1,22,"wa-rd","rd",22,0,0,1,"dewasa","deward"
279,"di","di- d"," d",1,1,"di-ts","ts",1,0,0,1,"di dekat","ditsekat"
318,"ep","ep-an","an",1,8,"hl-an","hl",8,0,0,1,"di depan","di dhlan"
159,"di","di- l"," l",1,1,"di-kj","kj",1,0,0,1,"di luar","dikjuar"
160," s"," s-in","in",1,1,"yc-in","yc",1,0,0,1,"di sini","diycini"
886,"pa","pa-t ","t ",1,1,"pa-es","es",1,0,0,1,"di tempat lain","di tempaeslain"
362,"di","di-am","am",1,38,"di-de","de",38,0,0,1,"diam","dide"
604,"di","di-ar","ar",1,18,"at-ar","at",18,0,0,1,"diare","atare"
115,"di","di-gu","gu",1,14,"di-no","no",14,0,0,1,"digustasi","dinostasi"
355,"na","na-st","st",1,7,"ck-st","ck",7,0,0,1,"dinasti","dicksti"
635,"di","di-nd","nd",1,10,"di-hu","hu",10,0,0,1,"dinding","dihuing"
494,"rl","rl-uk","uk",1,16,"ib-uk","ib",16,0,0,1,"diperlukan","dipeibukan"
439,"di","di-pl","pl",1,11,"di-ek","ek",11,0,0,1,"diploma","diekoma"
864,"dn","dn-a","a",1,4,"zz-a","zz",4,0,0,1,"dna","zza"
953,"do","do-be","be",1,3,"gi-be","gi",3,0,0,1,"dobel","gibel"
514,"do","do-ro","ro",1,16,"ne-ro","ne",16,0,0,1,"dorongan","nerongan"
330,"do","do-sa","sa",1,7,"ek-sa","ek",7,0,0,1,"dosa","eksa"
258,"do","do-si","si",1,5,"do-rs","rs",5,0,0,1,"dosis","dorss"
377,"dr","dr-am","am",1,20,"rl-am","rl",21,1,0,1,"drama","rlama"
809,"am","am-at","at",1,79,"mp-at","mp",78,1,0,1,"dramatis","drmpatis"
181,"du","du-a","a",1,6,"ls-a","ls",6,0,0,1,"dua","lsa"
559," b"," b-es","es",1,1,"lk-es","lk",1,0,0,1,"duta besar","dutalkesar"
990,"dv","dv-d","d",1,1,"ow-d","ow",1,0,0,1,"dvd","owd"
616,"ev","ev-ol","ol",1,7,"kn-ol","kn",7,0,0,1,"evolusi","knolusi"
179,"or","or-last_blank","last_blank",1,297,"ti-last_blank","ti",297,0,0,1,"faktor","faktti"
961,"fa","fa-se","se",1,1,"fa-ya","ya",1,0,0,1,"fase","faya"
22,"na","na-bl","bl",1,1,"na-en","en",1,0,0,1,"fashionable","fashionaene"
618,"fe","fe-de","de",1,12,"ma-de","ma",12,0,0,1,"federal","maderal"
734,"fe","fe-no","no",1,4,"fe-ri","ri",4,0,0,1,"fenomena","ferimena"
5,"af","af-at","at",1,2,"lw-at","lw",2,0,0,1,"filsafat","filslwat"
460,"fi","fi-si","si",1,21,"ok-si","ok",21,0,0,1,"fisika","oksika"
716,"fl","fl-u","u",1,1,"sc-u","sc",1,0,0,1,"flu","scu"
386,"fo","fo-ku","ku",1,8,"gu-ku","gu",8,0,0,1,"fokus","gukus"
870,"fr","fr-ek","ek",1,4,"fr-in","in",4,0,0,1,"frekuensi","frinuensi"
18,"ga","ga-di","di",1,11,"ga-rn","rn",11,0,0,1,"gadis","garns"
644,"ga","ga-ib","ib",1,3,"ga-vi","vi",3,0,0,1,"gaib","gavi"
639,"ga","ga-le","le",1,10,"co-le","co",10,0,0,1,"galeri","coleri"
195,"ga","ga-mb","mb",1,47,"ga-nm","nm",49,2,0,1,"gambar","ganmar"
340,"first_blank","first_blank-ga","ga",1,672,"first_blank-an","an",701,29,0,1,"gang","anng"
177,"ga","ga-nt","nt",1,62,"te-nt","te",64,2,0,1,"gantung","tentung"
41,"ga","ga-s","s",1,18,"nk-s","nk",18,0,0,1,"gas","nks"
867,"ge","ge-ja","ja",1,3,"ge-lb","lb",3,0,0,1,"gejala","gelbla"
414,"bu","bu-mi","mi",1,9,"fa-mi","fa",9,0,0,1,"gempa bumi","gempa fami"
799,"ra","ra-to","to",1,36,"ra-mi","mi",36,0,0,1,"generator","generamir"
302,"re","re-ja","ja",1,9,"re-fu","fu",9,0,0,1,"gereja","gerefu"
235,"gi","gi-nj","nj",1,4,"gi-lb","lb",4,0,0,1,"ginjal","gilbal"
928,"lf","lf-last_blank","last_blank",1,24,"nu-last_blank","nu",24,0,0,1,"golf","gonu"
873,"go","go-si","si",1,20,"in-si","in",20,0,0,1,"gosip","insip"
848,"gu","gu-be","be",1,4,"gu-lm","lm",4,0,0,1,"gubernur","gulmrnur"
217," s"," s-en","en",1,1,"ba-en","ba",1,0,0,1,"gudang senjata","gudangbaenjata"
135,"gu","gu-la","la",1,28,"ik-la","ik",26,2,0,1,"gula","ikla"
419,"ru","ru-n","n",1,17,"di-n","di",17,0,0,1,"gurun","gudin"
540,"k ","k -is","is",1,1,"hb-is","hb",1,0,0,1,"hak istimewa","hahbistimewa"
840,"ha","ha-lo","lo",1,7,"ha-tl","tl",7,0,0,1,"halo","hatl"
654,"ha","ha-lu","lu",1,20,"ha-ki","ki",20,0,0,1,"halus","hakis"
164,"ha","ha-ng","ng",1,60,"do-ng","do",60,0,0,1,"hangat","dongat"
52,"ha","ha-ny","ny",1,33,"gi-ny","gi",33,0,0,1,"hanya","ginya"
367,"ra","ra-pa","pa",1,58,"se-pa","se",59,1,0,1,"harapan","hasepan"
345," i"," i-ni","ni",1,1,"nu-ni","nu",1,0,0,1,"hari ini","harinuni"
231," n"," n-at","at",1,1,"bc-at","bc",1,0,0,1,"hari natal","haribcatal"
336,"rt","rt-a ","a ",1,1,"rt-hg","hg",1,0,0,1,"harta karun","harthgkarun"
234,"si","si-l","l",1,11,"bo-l","bo",11,0,0,1,"hasil","habol"
188,"he","he-ba","ba",1,17,"he-rb","rb",16,1,0,1,"hebat","herbt"
964,"lm","lm-last_blank","last_blank",1,17,"av-last_blank","av",17,0,0,1,"helm","heav"
401," p"," p-en","en",1,1,"td-en","td",1,0,0,1,"hidangan penutup","hidangantdenutup"
87,"du","du-p","p",1,9,"ha-p","ha",9,0,0,1,"hidup","hihap"
282,"ja","ja-u","u",1,5,"bo-u","bo",5,0,0,1,"hijau","hibou"
249,"hi","hi-u","u",1,1,"gp-u","gp",1,0,0,1,"hiu","gpu"
628,"ho","ho-bi","bi",1,7,"ho-ro","ro",7,0,0,1,"hobi","horo"
4,"rm","rm-on","on",1,26,"ns-on","ns",26,0,0,1,"hormon","honson"
603,"ho","ho-te","te",1,11,"ho-no","no",11,0,0,1,"hotel","honol"
743,"hu","hu-bu","bu",1,36,"se-bu","se",35,1,0,1,"hubungan","sebungan"
818,"hu","hu-ja","ja",1,21,"me-ja","me",21,0,0,1,"hujan","mejan"
388,"hu","hu-ku","ku",1,27,"in-ku","in",27,0,0,1,"hukum","inkum"
246,"hu","hu-ta","ta",1,16,"ip-ta","ip",16,0,0,1,"hutan","iptan"
36,"first_blank","first_blank-ib","ib",1,59,"first_blank-ov","ov",59,0,0,1,"ibu","ovu"
931,"first_blank","first_blank-id","id",1,84,"first_blank-ur","ur",82,2,0,1,"ide","ure"
844,"ea","ea-l","l",1,7,"bu-l","bu",7,0,0,1,"ideal","idbul"
787," u"," u-ra","ra",1,1,"nk-ra","nk",1,0,0,1,"ilmu urai","ilmunkrai"
227,"us","us-i","i",1,27,"ap-i","ap",27,0,0,1,"ilusi","ilapi"
394,"aj","aj-in","in",1,11,"ld-in","ld",11,0,0,1,"imajinasi","imldinasi"
293,"pe","pe-ri","ri",1,142,"pe-la","la",142,0,0,1,"imperial","impelaal"
103,"du","du-st","st",1,19,"ba-st","ba",20,1,0,1,"industri","inbastri"
29,"in","in-si","si",1,20,"go-si","go",20,0,0,1,"insinyur","gosinyur"
378,"in","in-sp","sp",1,28,"in-es","es",28,0,0,1,"inspektur","inesektur"
434,"rn","rn-last_blank","last_blank",1,86,"om-last_blank","om",88,2,0,1,"intern","inteom"
174,"rn","rn-as","as",1,14,"ak-as","ak",14,0,0,1,"internasional","inteakasional"
999,"rn","rn-et","et",1,25,"ll-et","ll",25,0,0,1,"internet","intellet"
574,"va","va-si","si",1,32,"ri-si","ri",32,0,0,1,"invasi","inrisi"
206,"ir","ir-am","am",1,23,"rt-am","rt",23,0,0,1,"irama","rtama"
265,"ir","ir-on","on",1,18,"ch-on","ch",18,0,0,1,"ironi","choni"
310,"is","is-ta","ta",1,35,"ko-ta","ko",35,0,0,1,"istana","kotana"
951,"ti","ti-ra","ra",1,28,"wa-ra","wa",27,1,0,1,"istirahat","iswarahat"
745,"iz","iz-in","in",1,20,"et-in","et",20,0,0,1,"izin","etin"
273,"ja","ja-la","la",1,59,"ja-di","di",59,0,0,1,"jalan","jadin"
995,"ja","ja-nd","nd",1,4,"lo-nd","lo",4,0,0,1,"janda","londa"
80,"ja","ja-ng","ng",1,93,"pi-ng","pi",93,0,0,1,"jangkar","pingkar"
325,"first_blank","first_blank-ja","ja",1,725,"first_blank-pr","pr",723,2,0,1,"jarak","prrak"
247,"first_blank","first_blank-ja","ja",1,725,"first_blank-pr","pr",723,2,0,1,"jari","prri"
872,"ja","ja-ri","ri",1,26,"ja-ga","ga",26,0,0,1,"jaringan","jagangan"
894,"ja","ja-ru","ru",1,3,"bo-ru","bo",3,0,0,1,"jarum","borum"
811,"tu","tu-h","h",1,13,"rc-h","rc",13,0,0,1,"jatuh","jarch"
613,"ja","ja-zz","zz",1,3,"ja-pa","pa",3,0,0,1,"jazz","japa"
280,"la","la-s","s",1,59,"ri-s","ri",60,1,0,1,"jelas","jeris"
762,"el","el-a","a",1,35,"st-a","st",35,0,0,1,"jendela","jendsta"
250,"ni","ni-us","us",1,19,"ni-si","si",19,0,0,1,"jenius","jenisi"
969,"ji","ji-p","p",1,1,"up-p","up",1,0,0,1,"jip","upp"
806,"ji","ji-wa","wa",1,11,"kh-wa","kh",11,0,0,1,"jiwa","khwa"
653,"ju","ju-ar","ar",1,11,"ib-ar","ib",11,0,0,1,"juara","ibara"
287,"ju","ju-ml","ml",1,7,"ju-lu","lu",7,0,0,1,"jumlah","juluah"
285,"ju","ju-ni","ni",1,9,"ia-ni","ia",9,0,0,1,"juni","iani"
771,"ju","ju-rn","rn",1,11,"ju-ar","ar",11,0,0,1,"jurnalistik","juaralistik"
590,"ju","ju-ta","ta",1,15,"ul-ta","ul",15,0,0,1,"juta","ulta"
706,"ju","ju-ta","ta",1,15,"de-ta","de",15,0,0,1,"jutawan","detawan"
290,"ka","ka-be","be",1,8,"ti-be","ti",8,0,0,1,"kabel","tibel"
308,"bi","bi-n","n",1,16,"po-n","po",16,0,0,1,"kabin","kapon"
132,"ka","ka-bi","bi",1,10,"ka-il","il",10,0,0,1,"kabinet","kailnet"
472,"ka","ka-bu","bu",1,21,"ka-uk","uk",20,1,0,1,"kabur","kaukr"
107,"ca","ca-last_blank","last_blank",1,89,"im-last_blank","im",89,0,0,1,"kaca","kaim"
965,"ka","ka-ca","ca",1,27,"an-ca","an",27,0,0,1,"kacamata","ancamata"
277,"ka","ka-da","da",1,26,"ka-ub","ub",26,0,0,1,"kadang-kadang","kaubngkadang"
825,"ka","ka-in","in",1,28,"im-in","im",29,1,0,1,"kain","imin"
620,"ke","ke-k","k",1,7,"un-k","un",7,0,0,1,"kakek","kaunk"
269,"ka","ka-le","le",1,23,"ka-tn","tn",23,0,0,1,"kalender","katnnder"
663,"ka","ka-li","li",1,69,"ka-ny","ny",69,0,0,1,"kaliber","kanyber"
297,"ka","ka-ma","ma",1,65,"se-ma","se",66,1,0,1,"kamar","semar"
588,"ka","ka-me","me",1,23,"ho-me","ho",23,0,0,1,"kamera","homera"
156,"mp","mp-last_blank","last_blank",1,33,"oh-last_blank","oh",32,1,0,1,"kamp","kaoh"
686,"an","an-ye","ye",1,12,"an-ts","ts",12,0,0,1,"kampanye","kampants"
981,"mp","mp-us","us",1,13,"mp-on","on",13,0,0,1,"kampus","kampon"
196,"mu","mu-s","s",1,25,"na-s","na",25,0,0,1,"kamus","kanas"
777,"el","el-ir","ir",1,3,"za-ir","za",3,0,0,1,"kanselir","kanszair"
300,"pa","pa-l ","l ",1,1,"pa-dk","dk",1,0,0,1,"kapal selam","kapadkselam"
343,"si","si-ta","ta",1,28,"ta-ta","ta",28,0,0,1,"kapasitas","kapatatas"
548,"ka","ka-ps","ps",1,4,"ti-ps","ti",4,0,0,1,"kapsul","tipsul"
353,"ra","ra-kt","kt",1,31,"ra-gu","gu",31,0,0,1,"karakter","karaguer"
239,"rb","rb-on","on",1,21,"ph-on","ph",21,0,0,1,"karbon","kaphon"
803,"ri","ri-er","er",1,7,"tn-er","tn",7,0,0,1,"karier","katner"
192,"rn","rn-av","av",1,4,"rn-ha","ha",4,0,0,1,"karnaval","karnhaal"
294,"ta","ta-last_blank","last_blank",1,362,"ie-last_blank","ie",357,5,0,1,"kata","kaie"
292,"ka","ka-ta","ta",1,100,"ri-ta","ri",100,0,0,1,"katak","ritak"
396,"ka","ka-to","to",1,11,"ka-ke","ke",11,0,0,1,"katolik","kakelik"
988,"ka","ka-tu","tu",1,10,"ka-rm","rm",10,0,0,1,"katup","karmp"
30,"ka","ka-va","va",1,4,"ka-ci","ci",4,0,0,1,"kavaleri","kacileri"
987," m"," m-an","an",1,1,"wh-an","wh",1,0,0,1,"kayu manis","kayuwhanis"
320,"ke","ke-ag","ag",1,6,"ke-ua","ua",6,0,0,1,"keagungan","keuaungan"
317,"ke","ke-am","am",1,9,"ke-is","is",9,0,0,1,"keamanan","keisanan"
230,"ga","ga-an","an",1,24,"sm-an","sm",24,0,0,1,"kebanggaan","kebangsman"
149,"ba","ba-sa","sa",1,23,"ni-sa","ni",23,0,0,1,"kebebasan","kebenisan"
911,"ra","ra-ni","ni",1,31,"ra-kt","kt",31,0,0,1,"keberanian","keberaktan"
884,"si","si-ng","ng",1,108,"tu-ng","tu",108,0,0,1,"kebisingan","kebitungan"
871,"bu","bu-n ","n ",1,1,"bu-py","py",1,0,0,1,"kebun binatang","kebupybinatang"
326,"ci","ci-l","l",1,12,"oo-l","oo",12,0,0,1,"kecil","keool"
319,"ke","ke-da","da",1,34,"ma-da","ma",34,0,0,1,"kedatangan","madatangan"
553,"du","du-a","a",1,6,"sn-a","sn",6,0,0,1,"kedua","kesna"
348,"ke","ke-du","du",1,22,"ke-ny","ny",22,0,0,1,"kedutaan","kenytaan"
724,"ke","ke-em","em",1,8,"ke-sh","sh",8,0,0,1,"keemasan","keshasan"
407,"la","la-pa","pa",1,52,"la-si","si",53,1,0,1,"kegelapan","kegelasin"
322,"la","la-an","an",1,11,"la-ju","ju",11,0,0,1,"kegilaan","kegilaju"
364,"ke","ke-ha","ha",1,37,"ta-ha","ta",37,0,0,1,"kehadiran","tahadiran"
324,"di","di-an","an",1,89,"di-ba","ba",89,0,0,1,"kejadian","kejadiba"
338,"ha","ha-ta","ta",1,33,"ha-ny","ny",33,0,0,1,"kejahatan","kejahanyn"
337,"ju","ju-ta","ta",1,15,"de-ta","de",15,0,0,1,"kejutan","kedetan"
321,"ca","ca-ua","ua",1,7,"ca-br","br",7,0,0,1,"kekacauan","kekacabrn"
368,"ke","ke-kh","kh",1,7,"ke-el","el",7,0,0,1,"kekhawatiran","keelawatiran"
182,"ku","ku-at","at",1,37,"st-at","st",37,0,0,1,"kekuatan","kestatan"
329,"hi","hi-ra","ra",1,31,"la-ra","la",31,0,0,1,"kelahiran","kelalaran"
236,"la","la-pa","pa",1,52,"la-nj","nj",51,1,0,1,"kelaparan","kelanjran"
837,"la","la-s","s",1,59,"ni-s","ni",58,1,0,1,"kelas","kenis"
400,"da","da-i","i",1,20,"ut-i","ut",20,0,0,1,"keledai","keleuti"
763,"lu","lu-ar","ar",1,49,"lu-ka","ka",50,1,0,1,"keluar","keluka"
971,"lu","lu-ha","ha",1,7,"lu-me","me",7,0,0,1,"keluhan","kelumen"
735,"ma","ma-ju","ju",1,15,"ma-hi","hi",15,0,0,1,"kemajuan","kemahian"
241,"ma","ma-ti","ti",1,80,"ma-nt","nt",80,0,0,1,"kematian","kemantan"
347,"ke","ke-mb","mb",1,44,"ke-ri","ri",44,0,0,1,"kembali","keriali"
270,"ja","ja-last_blank","last_blank",1,69,"co-last_blank","co",69,0,0,1,"kemeja","kemeco"
527,"ke","ke-me","me",1,36,"is-me","is",36,0,0,1,"kemenangan","ismenangan"
694,"mi","mi-sk","sk",1,7,"du-sk","du",7,0,0,1,"kemiskinan","keduskinan"
610,"mu","mu-ng","ng",1,58,"re-ng","re",58,0,0,1,"kemungkinan","kerengkinan"
599,"ke","ke-nd","nd",1,47,"ke-su","su",46,1,0,1,"kendaraan","kesuaraan"
899,"ke","ke-ng","ng",1,5,"no-ng","no",5,0,0,1,"kengerian","nongerian"
963,"ke","ke-nt","nt",1,21,"ke-an","an",21,0,0,1,"kentang","keanang"
354,"ja","ja-an","an",1,32,"es-an","es",32,0,0,1,"kerajaan","keraesan"
797,"ke","ke-ra","ra",1,110,"ke-te","te",111,1,0,1,"keramahan","ketemahan"
356,"ra","ra-s","s",1,44,"ou-s","ou",44,0,0,1,"keras","keous"
176,"s ","s -ke","ke",1,1,"my-ke","my",1,0,0,1,"keras kepala","keramykepala"
102,"re","re-ta","ta",1,46,"na-ta","na",47,1,0,1,"kereta","kenata"
53,"ke","ke-ri","ri",1,44,"ke-mb","mb",44,0,0,1,"kering","kembng"
690,"rt","rt-as","as",1,15,"rt-im","im",15,0,0,1,"kertas","kertim"
225,"mu","mu-na","na",1,16,"ja-na","ja",16,0,0,1,"kerumunan","kerujanan"
309,"sa","sa-ba","ba",1,24,"le-ba","le",24,0,0,1,"kesabaran","kelebaran"
359,"la","la-ha","ha",1,56,"la-mb","mb",56,0,0,1,"kesalahan","kesalambn"
581,"ke","ke-sa","sa",1,83,"ra-sa","ra",79,4,0,1,"kesan","rasan"
696,"se","se-ha","ha",1,49,"se-me","me",49,0,0,1,"kesehatan","kesemetan"
233,"se","se-im","im",1,10,"se-en","en",10,0,0,1,"keseimbangan","keseenbangan"
889,"se","se-na","na",1,47,"gu-na","gu",47,0,0,1,"kesenangan","kegunangan"
361,"ti","ti-aa","aa",1,5,"ah-aa","ah",5,0,0,1,"kesetiaan","keseahaan"
21,"ul","ul-an","an",1,78,"rt-an","rt",78,0,0,1,"kesimpulan","kesimprtan"
328,"ks","ks-es","es",1,11,"cr-es","cr",11,0,0,1,"kesuksesan","kesucresan"
507,"ku","ku-ta","ta",1,54,"ra-ta","ra",56,2,0,1,"ketakutan","ketaratan"
947,"al","al-ua","ua",1,9,"em-ua","em",9,0,0,1,"keterlaluan","keterlemuan"
945,"ka","ka-di","di",1,8,"ka-ss","ss",8,0,0,1,"ketidakadilan","ketidakasslan"
948,"km","km-am","am",1,4,"se-am","se",4,0,0,1,"ketidakmampuan","ketidaseampuan"
28,"kt","kt-ah","ah",1,10,"sh-ah","sh",10,0,0,1,"ketidaktahuan","ketidashahuan"
327,"ti","ti-ga","ga",1,18,"ro-ga","ro",18,0,0,1,"ketiga","keroga"
542,"ke","ke-ua","ua",1,6,"ec-ua","ec",6,0,0,1,"keuangan","ecuangan"
371,"kh","kh-as","as",1,8,"ns-as","ns",8,0,0,1,"khas","nsas"
214,"ki","ki-lo","lo",1,14,"il-lo","il",15,1,0,1,"kilo","illo"
585,"lo","lo-me","me",1,9,"im-me","im",9,0,0,1,"kilometer","kiimmeter"
98,"ki","ki-mi","mi",1,17,"to-mi","to",17,0,0,1,"kimia","tomia"
661,"kl","kl-ak","ak",1,5,"pt-ak","pt",5,0,0,1,"klakson","ptakson"
341,"kl","kl-an","an",1,10,"kl-es","es",10,0,0,1,"klan","kles"
56,"kl","kl-ub","ub",1,6,"et-ub","et",6,0,0,1,"klub","etub"
311,"ko","ko-de","de",1,12,"ar-de","ar",12,0,0,1,"kode","arde"
238,"ko","ko-ka","ka",1,16,"ru-ka","ru",16,0,0,1,"kokain","rukain"
921,"ko","ko-le","le",1,21,"ko-to","to",21,0,0,1,"kolega","kotoga"
191,"ni","ni-last_blank","last_blank",1,313,"ed-last_blank","ed",313,0,0,1,"koloni","koloed"
304,"ko","ko-ma","ma",1,23,"ga-ma","ga",23,0,0,1,"komandan","gamandan"
118,"mb","mb-in","in",1,52,"mb-ut","ut",52,0,0,1,"kombinasi","kombutasi"
717,"nt","nt-ar","ar",1,89,"nt-ik","ik",89,0,0,1,"komentar","komentik"
651,"rs","rs-ia","ia",1,26,"ll-ia","ll",26,0,0,1,"komersial","komellial"
379,"mi","mi-si","si",1,21,"ok-si","ok",21,0,0,1,"komisi","kooksi"
754,"mp","mp-as","as",1,35,"st-as","st",36,1,0,1,"kompas","kostas"
333,"et","et-is","is",1,11,"bl-is","bl",11,0,0,1,"kompetisi","kompblisi"
749,"nf","nf-er","er",1,7,"wl-er","wl",7,0,0,1,"konferensi","kowlerensi"
385,"ma","ma-si","si",1,47,"si-si","si",47,0,0,1,"konfirmasi","konfirsisi"
744,"nf","nf-li","li",1,2,"mé-li","mé",2,0,0,1,"konflik","komélik"
43,"nk","nk-re","re",1,4,"yu-re","yu",4,0,0,1,"konkret","koyuret"
147,"ns","ns-ep","ep",1,6,"ns-ch","ch",6,0,0,1,"konsep","konsch"
423,"er","er-va","va",1,9,"er-un","un",9,0,0,1,"konservatif","konseruntif"
960,"ns","ns-pi","pi",1,6,"su-pi","su",6,0,0,1,"konspirasi","kosupirasi"
483,"tr","tr-uk","uk",1,21,"tr-ip","ip",21,0,0,1,"konstruksi","konstripsi"
384,"ko","ko-nt","nt",1,79,"ma-nt","ma",80,1,0,1,"kontak","mantak"
792,"nt","nt-am","am",1,26,"nt-ur","ur",26,0,0,1,"kontaminasi","konturinasi"
746,"ko","ko-nt","nt",1,79,"ma-nt","ma",80,1,0,1,"kontrak","mantrak"
480,"ro","ro-l","l",1,19,"ca-l","ca",19,0,0,1,"kontrol","kontcal"
2,"ko","ko-ny","ny",1,16,"ya-ny","ya",16,0,0,1,"konyol","yanyol"
719,"ko","ko-rb","rb",1,10,"ko-st","st",10,0,0,1,"korban","kostan"
713,"so","so-ng","ng",1,37,"ge-ng","ge",37,0,0,1,"kosong","kogeng"
906,"ko","ko-ta","ta",1,35,"is-ta","is",35,0,0,1,"kotak","istak"
555,"ko","ko-to","to",1,21,"ko-le","le",21,0,0,1,"kotor","koler"
500,"kr","kr-ed","ed",1,17,"kr-ut","ut",17,0,0,1,"kredit","krutit"
830,"im","im-last_blank","last_blank",1,89,"ca-last_blank","ca",89,0,0,1,"krim","krca"
772,"kr","kr-it","it",1,28,"ed-it","ed",28,0,0,1,"kritis","editis"
397,"ku","ku-an","an",1,37,"ku-li","li",37,0,0,1,"kuantitas","kulititas"
417,"ku","ku-at","at",1,37,"ku-be","be",37,0,0,1,"kuat","kube"
398,"ku","ku-bu","bu",1,37,"ku-se","se",37,0,0,1,"kuburan","kuseran"
93,"ku","ku-il","il",1,6,"ku-go","go",6,0,0,1,"kuil","kugo"
278,"ku","ku-li","li",1,37,"ku-se","se",37,0,0,1,"kulit","kuset"
403,"ku","ku-nc","nc",1,15,"ku-ak","ak",15,0,0,1,"kunci","kuaki"
116,"up","up-u","u",1,2,"zh-u","zh",2,0,0,1,"kupu-kupu","kupukzhu"
703,"la","la-ba","ba",1,10,"la-mn","mn",10,0,0,1,"laba","lamn"
856,"la","la-ba","ba",1,10,"la-mn","mn",10,0,0,1,"laba-laba","lamnlaba"
915,"ja","ja-ng","ng",1,93,"pi-ng","pi",93,0,0,1,"lajang","laping"
123,"la","la-mb","mb",1,56,"la-ha","ha",56,0,0,1,"lambat","lahaat"
424,"mp","mp-u","u",1,8,"er-u","er",8,0,0,1,"lampu","laeru"
893,"ng","ng-it","it",1,21,"ng-ob","ob",21,0,0,1,"langit","langob"
831,"ng","ng-su","su",1,21,"ng-ob","ob",21,0,0,1,"langsung","langobng"
306,"la","la-nt","nt",1,66,"la-ti","ti",65,1,0,1,"lantai","latiai"
739,"la","la-pi","pi",1,16,"la-to","to",16,0,0,1,"lapisan","latosan"
490,"po","po-ra","ra",1,14,"po-we","we",14,0,0,1,"laporan","lapowen"
77,"la","la-ri","ri",1,45,"la-nn","nn",45,0,0,1,"lari","lann"
877,"sa","sa-gn","gn",1,1,"dn-gn","dn",1,0,0,1,"lasagna","ladngna"
24,"la","la-ut","ut",1,16,"la-to","to",16,0,0,1,"laut","lato"
412,"ya","ya-k","k",1,20,"ec-k","ec",20,0,0,1,"layak","laeck"
601,"ya","ya-r","r",1,21,"ti-r","ti",21,0,0,1,"layar","latir"
845,"ba","ba-h","h",1,47,"tc-h","tc",46,1,0,1,"lebah","letch"
33,"h ","h -re","re",1,1,"ec-re","ec",1,0,0,1,"lebih rendah","lebiecrendah"
408,"le","le-la","la",1,32,"at-la","at",31,1,0,1,"lelah","atlah"
710,"le","le-la","la",1,32,"at-la","at",31,1,0,1,"lelang","atlang"
418,"mb","mb-ut","ut",1,52,"mb-in","in",52,0,0,1,"lembut","lembin"
855,"le","le-nc","nc",1,11,"le-bu","bu",11,0,0,1,"lencana","lebuana"
205,"sb","sb-ia","ia",1,2,"eg-ia","eg",2,0,0,1,"lesbian","leegian"
422,"le","le-za","za",1,5,"le-ko","ko",5,0,0,1,"lezat","lekot"
244,"li","li-ar","ar",1,20,"ay-ar","ay",20,0,0,1,"liar","ayar"
955,"li","li-ga","ga",1,11,"li-sn","sn",11,0,0,1,"liga","lisn"
275,"first_blank","first_blank-li","li",1,546,"first_blank-do","do",543,3,0,1,"lihat","dohat"
487,"li","li-mb","mb",1,11,"li-ga","ga",11,0,0,1,"limbah","ligaah"
875,"li","li-mu","mu",1,20,"am-mu","am",20,0,0,1,"limun","ammun"
835,"li","li-ng","ng",1,203,"ba-ng","ba",204,1,0,1,"lingkaran","bangkaran"
885,"ku","ku-ng","ng",1,41,"se-ng","se",40,1,0,1,"lingkungan","lingsengan"
645,"ps","ps-ti","ti",1,8,"da-ti","da",8,0,0,1,"lipstik","lidatik"
862,"lo","lo-ya","ya",1,10,"me-ya","me",10,0,0,1,"loyal","meyal"
334,"ya","ya-li","li",1,8,"ya-ya","ya",8,0,0,1,"loyalitas","loyayatas"
435,"ar","ar- b"," b",1,1,"ar-eu","eu",1,0,0,1,"luar biasa","luareuiasa"
122,"lu","lu-ka","ka",1,50,"ut-ka","ut",49,1,0,1,"luka","utka"
647,"lu","lu-mp","mp",1,22,"ha-mp","ha",22,0,0,1,"lumpur","hampur"
924,"lu","lu-na","na",1,24,"lu-ki","ki",24,0,0,1,"lunar","lukir"
257,"first_blank","first_blank-lu","lu",1,340,"first_blank-as","as",341,1,0,1,"lupa","aspa"
307,"fi","fi-a","a",1,2,"az-a","az",2,0,0,1,"mafia","maaza"
428,"et","et-is","is",1,11,"bl-is","bl",11,0,0,1,"magnetis","magnblis"
611,"ha","ha-l","l",1,20,"bi-l","bi",20,0,0,1,"mahal","mabil"
898,"hk","hk-ot","ot",1,7,"bi-ot","bi",7,0,0,1,"mahkota","mabiota"
826,"n ","n -ma","ma",1,1,"az-ma","az",1,0,0,1,"makan malam","makaazmalam"
446,"ka","ka-na","na",1,55,"di-na","di",55,0,0,1,"makanan","madinan"
861,"la","la-ik","ik",1,13,"el-ik","el",13,0,0,1,"malaikat","maelikat"
450,"ma","ma-la","la",1,75,"di-la","di",75,0,0,1,"malam","dilam"
755,"ma","ma-li","li",1,23,"he-li","he",23,0,0,1,"maling","heling"
296,"nd","nd-i","i",1,28,"ap-i","ap",27,1,0,1,"mandi","maapi"
765,"ku","ku-k","k",1,19,"te-k","te",20,1,0,1,"mangkuk","mangtek"
776,"sa","sa-last_blank","last_blank",1,209,"gi-last_blank","gi",208,1,0,1,"mangsa","manggi"
251,"ma","ma-ni","ni",1,90,"ma-ka","ka",94,4,0,1,"manis","makas"
46,"ra","ra-to","to",1,36,"ra-mi","mi",36,0,0,1,"maraton","maramin"
989,"ma","ma-rs","rs",1,24,"ma-ca","ca",24,0,0,1,"mars","maca"
455,"sa","sa- d"," d",1,1,"sa-bk","bk",1,0,0,1,"masa depan","masabkepan"
456,"ma","ma-sa","sa",1,100,"ma-nd","nd",105,5,0,1,"masalah","mandlah"
458,"ak","ak-at","at",1,24,"ob-at","ob",24,0,0,1,"masyarakat","masyarobat"
919,"ma","ma-ta","ta",1,64,"ke-ta","ke",68,4,0,1,"mata","keta"
677," d"," d-ui","ui",1,1,"pp-ui","pp",1,0,0,1,"mata duitan","matappuitan"
186," t"," t-er","er",1,1,"vn-er","vn",1,0,0,1,"matahari terbenam","mataharivnerbenam"
759,"yo","yo-ri","ri",1,6,"yo-ne","ne",6,0,0,1,"mayoritas","mayonetas"
788,"di","di-s","s",1,20,"bu-s","bu",20,0,0,1,"medis","mebus"
299,"ja","ja-last_blank","last_blank",1,69,"oo-last_blank","oo",69,0,0,1,"meja","meoo"
470,"ut","ut-ka","ka",1,49,"lu-ka","lu",50,1,0,1,"melanjutkan","melanjlukan"
681,"ya","ya-ni","ni",1,10,"ya-su","su",10,0,0,1,"melayani","melayasu"
485,"le","le-le","le",1,14,"st-le","st",14,0,0,1,"meleleh","mestleh"
554,"le","le-st","st",1,30,"le-ra","ra",30,0,0,1,"melestarikan","meleraarikan"
474,"le","le-tu","tu",1,16,"le-br","br",16,0,0,1,"meletus","melebrs"
90,"ha","ha-t","t",1,51,"er-t","er",44,7,0,1,"melihat","meliert"
486,"un","un-gi","gi",1,33,"ba-gi","ba",34,1,0,1,"melindungi","melindbagi"
546,"af","af-ka","ka",1,13,"es-ka","es",13,0,0,1,"memaafkan","memaeskan"
375,"sa","sa-k","k",1,27,"oo-k","oo",26,1,0,1,"memasak","memaook"
732,"su","su-ki","ki",1,24,"su-bs","bs",23,1,0,1,"memasuki","memasubs"
905,"su","su-kk","kk",1,21,"su-re","re",21,0,0,1,"memasukkan","memasurean"
189,"ma","ma-ti","ti",1,80,"ma-nt","nt",80,0,0,1,"mematikan","memantkan"
560,"ac","ac-a","a",1,10,"uy-a","uy",10,0,0,1,"membaca","membuya"
544,"aw","aw-a","a",1,43,"ur-a","ur",43,0,0,1,"membawa","membura"
557,"el","el-i","i",1,13,"ss-i","ss",13,0,0,1,"membeli","membssi"
131,"en","en-ci","ci",1,18,"en-ak","ak",18,0,0,1,"membenci","membenak"
902,"en","en-tu","tu",1,35,"en-al","al",35,0,0,1,"membentuk","membenalk"
444,"er","er-i ","i ",1,1,"er-ym","ym",1,0,0,1,"memberi makan","memberymmakan"
518,"er","er-si","si",1,43,"er-as","as",43,0,0,1,"membersihkan","memberashkan"
469,"ua","ua-t","t",1,22,"in-t","in",22,0,0,1,"membuat","membint"
563,"uk","uk-a","a",1,31,"on-a","on",30,1,0,1,"membuka","membona"
692,"ur","ur-u","u",1,20,"ea-u","ea",20,0,0,1,"memburu","membeau"
578,"me","me-ga","ga",1,44,"on-ga","on",43,1,0,1,"memegang","meongang"
587,"ay","ay-ai","ai",1,13,"ay-er","er",13,0,0,1,"memercayai","memercayer"
497,"ri","ri-ks","ks",1,26,"ri-ve","ve",26,0,0,1,"memeriksa","memerivea"
498,"ri","ri-nt","nt",1,64,"te-nt","te",64,0,0,1,"memerintah","memetentah"
758,"li","li-h","h",1,17,"it-h","it",17,0,0,1,"memilih","memiith"
576,"mp","mp-ek","ek",1,5,"ri-ek","ri",5,0,0,1,"mempekerjakan","meriekerjakan"
524,"el","el-aj","aj",1,19,"el-es","es",19,0,0,1,"mempelajari","mempelesari"
503,"er","er-ba","ba",1,29,"er-ic","ic",29,0,0,1,"memperbaiki","mempericiki"
509,"eh","eh-last_blank","last_blank",1,35,"cs-last_blank","cs",35,0,0,1,"memperoleh","memperolcs"
42,"ru","ru-hk","hk",1,12,"ru-sn","sn",12,0,0,1,"mempertaruhkan","mempertarusnan"
499,"ti","ti-mb","mb",1,31,"ne-mb","ne",31,0,0,1,"mempertimbangkan","mempernembangkan"
605,"mu","mu-at","at",1,14,"mu-su","su",14,0,0,1,"memuat","memusu"
492,"mu","mu-ji","ji",1,8,"bi-ji","bi",8,0,0,1,"memuji","mebiji"
505,"mu","mu-ku","ku",1,21,"as-ku","as",21,0,0,1,"memukul","measkul"
567,"mu","mu-ng","ng",1,58,"re-ng","re",58,0,0,1,"memungkinkan","merengkinkan"
436,"na","na-kj","kj",1,4,"na-ne","ne",4,0,0,1,"menakjubkan","menaneubkan"
508,"ku","ku-tk","tk",1,14,"ku-mp","mp",14,0,0,1,"menakutkan","menakumpan"
49,"ra","ra-last_blank","last_blank",1,380,"ne-last_blank","ne",379,1,0,1,"menara","menane"
517,"na","na-ri","ri",1,49,"na-nt","nt",49,0,0,1,"menarik","menantk"
488,"wa","wa-rk","rk",1,12,"tu-rk","tu",12,0,0,1,"menawarkan","menaturkan"
75,"eg","eg-ah","ah",1,11,"ny-ah","ny",11,0,0,1,"mencegah","mencnyah"
728,"nc","nc-ob","ob",1,10,"nc-ho","ho",10,0,0,1,"mencoba","menchoa"
519,"ul","ul-ik","ik",1,27,"ny-ik","ny",28,1,0,1,"menculik","mencnyik"
795,"ur","ur-i","i",1,28,"nd-i","nd",28,0,0,1,"mencuri","mencndi"
476,"me","me-nd","nd",1,324,"me-mp","mp",322,2,0,1,"mendaki","mempaki"
520,"ga","ga-rk","rk",1,19,"ga-nj","nj",19,0,0,1,"mendengarkan","mendenganjan"
462,"it","it-a","a",1,64,"ni-a","ni",63,1,0,1,"menderita","mendernia"
315,"nd","nd-es","es",1,19,"el-es","el",19,0,0,1,"mendesak","meelesak"
693,"uk","uk-un","un",1,9,"se-un","se",9,0,0,1,"mendukung","mendseung"
154,"ne","ne-ka","ka",1,18,"ne-nt","nt",18,0,0,1,"menekankan","menentnkan"
572,"ne","ne-li","li",1,16,"ne-ro","ro",16,0,0,1,"meneliti","meneroti"
73,"mk","mk-an","an",1,77,"st-an","st",77,0,0,1,"menenggelamkan","menenggelastan"
537,"ag","ag-um","um",1,10,"um-um","um",10,0,0,1,"mengagumi","mengumumi"
170,"aj","aj-uk","uk",1,7,"ch-uk","ch",7,0,0,1,"mengajukan","mengchukan"
526,"ak","ak-ui","ui",1,19,"sq-ui","sq",18,1,0,1,"mengakui","mengsqui"
489,"at","at-ak","ak",1,35,"at-er","er",35,0,0,1,"mengatakan","mengateran"
528,"at","at-ur","ur",1,40,"at-ik","ik",40,0,0,1,"mengatur","mengatik"
74,"el","el-ol","ol",1,6,"sh-ol","sh",6,0,0,1,"mengelola","mengshola"
895,"en","en-al","al",1,35,"en-de","de",35,0,0,1,"mengenali","mengendei"
531,"er","er-ik","ik",1,38,"if-ik","if",40,2,0,1,"mengerikan","mengifikan"
547,"li","li-last_blank","last_blank",1,207,"um-last_blank","um",206,1,0,1,"menggali","menggaum"
124,"ga","ga-mb","mb",1,47,"ga-nm","nm",49,2,0,1,"menggambarkan","mengganmarkan"
532,"gu","gu-last_blank","last_blank",1,48,"rk-last_blank","rk",48,0,0,1,"mengganggu","menggangrk"
701,"nt","nt-i","i",1,32,"ir-i","ir",32,0,0,1,"mengganti","menggairi"
481,"re","re-s","s",1,49,"ti-s","ti",48,1,0,1,"menggores","menggotis"
582,"ha","ha-nc","nc",1,33,"ha-ta","ta",33,0,0,1,"menghancurkan","menghataurkan"
534,"pu","pu-sk","sk",1,9,"pu-ja","ja",9,0,0,1,"menghapuskan","menghapujaan"
539,"hi","hi-tu","tu",1,21,"ja-tu","ja",21,0,0,1,"menghitung","mengjatung"
351,"ng","ng-ho","ho",1,15,"ng-uk","uk",15,0,0,1,"menghormati","mengukrmati"
511,"ku","ku-m","m",1,16,"ia-m","ia",16,0,0,1,"menghukum","menghuiam"
541,"ik","ik-at","at",1,48,"rm-at","rm",47,1,0,1,"mengikat","mengrmat"
529,"ut","ut-i","i",1,20,"da-i","da",20,0,0,1,"mengikuti","mengikdai"
260,"ng","ng-il","il",1,32,"ng-ua","ua",32,0,0,1,"mengilhami","menguahami"
535,"gi","gi-nk","nk",1,25,"ua-nk","ua",25,0,0,1,"menginginkan","menginuankan"
704,"ta","ta-i","i",1,35,"ll-i","ll",34,1,0,1,"mengintai","menginlli"
556,"is","is-ap","ap",1,9,"st-ap","st",9,0,0,1,"mengisap","mengstap"
491,"ng","ng-iz","iz",1,5,"ng-zh","zh",5,0,0,1,"mengizinkan","mengzhinkan"
707,"ub","ub-ah","ah",1,18,"ir-ah","ir",18,0,0,1,"mengubah","mengirah"
564,"n ","n -se","se",1,1,"ko-se","ko",1,0,0,1,"mengucapkan selamat","mengucapkakoselamat"
549,"pu","pu-lk","lk",1,5,"pu-tn","tn",5,0,0,1,"mengumpulkan","mengumputnan"
565,"us","us-ul","ul",1,19,"rm-ul","rm",19,0,0,1,"mengusulkan","mengrmulkan"
552,"me","me-ni","ni",1,155,"me-le","le",154,1,0,1,"meninggalkan","melenggalkan"
551,"me","me-ni","ni",1,155,"me-le","le",154,1,0,1,"meningkatkan","melengkatkan"
119,"pu","pu-last_blank","last_blank",1,25,"ub-last_blank","ub",25,0,0,1,"menipu","meniub"
276,"am","am-in","in",1,60,"er-in","er",59,1,0,1,"menjamin","menjerin"
575,"at","at-uh","uh",1,15,"at-on","on",15,0,0,1,"menjatuhkan","menjatonkan"
482,"ab","ab-last_blank","last_blank",1,50,"up-last_blank","up",50,0,0,1,"menjawab","menjawup"
939,"ni","ni-last_blank","last_blank",1,313,"ed-last_blank","ed",313,0,0,1,"menjembatani","menjembataed"
393,"ij","ij-ik","ik",1,10,"bl-ik","bl",10,0,0,1,"menjijikan","menjblikan"
523,"no","no-la","la",1,16,"ai-la","ai",16,0,0,1,"menolak","meailak"
180,"nt","nt-al","al",1,48,"on-al","on",46,2,0,1,"mental","meonal"
750,"nj","nj-uk","uk",1,50,"nj-am","am",51,1,0,1,"menunjukkan","menunjamkan"
85,"nu","nu-tu","tu",1,20,"nu-mp","mp",20,0,0,1,"menutupi","menumppi"
478,"ny","ny-ad","ad",1,20,"ny-ul","ul",20,0,0,1,"menyadari","menyulari"
579,"am","am-at","at",1,79,"mp-at","mp",78,1,0,1,"menyelamatkan","menyelmpatkan"
530,"et","et-ir","ir",1,9,"ga-ir","ga",9,0,0,1,"menyetir","menygair"
577,"ny","ny-ik","ik",1,28,"ny-ed","ed",28,0,0,1,"menyiksa","menyedsa"
580,"ny","ny-in","in",1,39,"di-in","di",39,0,0,1,"menyinggung","mediinggung"
683,"ua","ua-p","p",1,3,"ci-p","ci",3,0,0,1,"menyuap","menycip"
720,"ny","ny-um","um",1,28,"ny-ik","ik",28,0,0,1,"menyumpahi","menyikpahi"
404,"ra","ra-h","h",1,56,"is-h","is",52,4,0,1,"merah","meish"
510,"re","re-bu","bu",1,28,"re-ss","ss",28,0,0,1,"merebut","meresst"
779,"re","re-k","k",1,26,"na-k","na",26,0,0,1,"merek","menak"
81,"me","me-hk","hk",1,6,"do-hk","do",6,0,0,1,"meremehkan","meredohkan"
502,"ro","ro-be","be",1,28,"ro-ll","ll",27,1,0,1,"merobek","merollk"
129,"ko","ko-k","k",1,15,"ma-k","ma",15,0,0,1,"merokok","meromak"
914,"me","me-to","to",1,9,"ak-to","ak",9,0,0,1,"metode","aktode"
851,"mi","mi-l","l",1,10,"fu-l","fu",10,0,0,1,"mil","ful"
592,"mp","mp-i ","i ",1,1,"mp-aw","aw",1,0,0,1,"mimpi buruk","mimpawburuk"
426,"mi","mi-ng","ng",1,59,"re-ng","re",58,1,0,1,"ming","reng"
448,"ni","ni-mu","mu",1,17,"it-mu","it",17,0,0,1,"minimum","miitmum"
100,"nu","nu-m","m",1,11,"si-m","si",11,0,0,1,"minum","misim"
313,"mi","mi-sk","sk",1,7,"mi-to","to",7,0,0,1,"miskin","mitoin"
415,"mi","mi-to","to",1,7,"mi-nk","nk",7,0,0,1,"mitos","minks"
392,"mo","mo-da","da",1,10,"mo-rd","rd",10,0,0,1,"modal","mordl"
786,"de","de-l","l",1,19,"ro-l","ro",19,0,0,1,"model","morol"
966,"de","de-rn","rn",1,10,"de-er","er",10,0,0,1,"modern","modeer"
650,"mo","mo-nu","nu",1,5,"mo-mm","mm",5,0,0,1,"monumen","mommmen"
213,"mo","mo-ny","ny",1,12,"mo-un","un",12,0,0,1,"monyet","mounet"
14,"mo","mo-ti","ti",1,22,"mo-ng","ng",22,0,0,1,"motif","mongf"
954,"mo","mo-us","us",1,15,"mo-rg","rg",15,0,0,1,"mouse","morge"
349,"mu","mu-li","li",1,28,"na-li","na",28,0,0,1,"mulia","nalia"
240,"lu","lu-t","t",1,13,"un-t","un",13,0,0,1,"mulut","muunt"
609,"mu","mu-ng","ng",1,58,"re-ng","re",58,0,0,1,"mungkin","rengkin"
220,"mu","mu-ri","ri",1,12,"co-ri","co",12,0,0,1,"murid","corid"
614,"si","si-m ","m ",1,1,"si-pe","pe",1,0,0,1,"musim panas","musipepanas"
615,"m ","m -se","se",1,1,"rp-se","rp",1,0,0,1,"musim semi","musirpsemi"
608,"ah","ah-il","il",1,11,"ev-il","ev",11,0,0,1,"mustahil","mustevil"
411,"su","su-h","h",1,10,"wa-h","wa",10,0,0,1,"musuh","muwah"
868,"na","na-ga","ga",1,43,"on-ga","on",43,0,0,1,"naga","onga"
104,"na","na-if","if",1,5,"rt-if","rt",5,0,0,1,"naif","rtif"
263,"na","na-lu","lu",1,7,"na-be","be",7,0,0,1,"naluri","naberi"
283,"na","na-ma","ma",1,49,"na-ny","ny",50,1,0,1,"nama","nany"
617,"ma","ma- p"," p",1,1,"ma-cw","cw",1,0,0,1,"nama panggilan","namacwanggilan"
516,"si","si-ha","ha",1,32,"si-de","de",33,1,0,1,"nasihat","nasidet"
212,"on","on-al","al",1,46,"nt-al","nt",48,2,0,1,"nasional","nasintal"
382,"vi","vi-ga","ga",1,11,"vi-rg","rg",11,0,0,1,"navigasi","navirgsi"
48,"ra","ra-last_blank","last_blank",1,380,"as-last_blank","as",381,1,0,1,"negara","negaas"
229,"first_blank","first_blank-ni","ni",1,332,"first_blank-am","am",332,0,0,1,"nilai","amlai"
822,"nj","nj-a","a",1,16,"pp-a","pp",16,0,0,1,"ninja","nippa"
222,"no","no-be","be",1,2,"no-gi","gi",2,0,0,1,"nobel","nogil"
11,"mo","mo-r","r",1,10,"gu-r","gu",10,0,0,1,"nomor","nogur"
157,"ve","ve-mb","mb",1,1,"ve-aw","aw",1,0,0,1,"november","noveawer"
573,"first_blank","first_blank-ny","ny",1,171,"first_blank-em","em",175,4,0,1,"nyaman","emaman"
335,"ny","ny-on","on",1,16,"ol-on","ol",16,0,0,1,"nyonya","olonya"
887,"ob","ob-ye","ye",1,2,"ob-ha","ha",2,0,0,1,"obyek","obhak"
197,"er","er-as","as",1,43,"er-si","si",43,0,0,1,"operasional","opersiional"
800,"op","op-ti","ti",1,18,"ea-ti","ea",18,0,0,1,"optimis","eatimis"
252,"or","or-an","an",1,70,"rb-an","rb",71,1,0,1,"orang","rbang"
668,"first_blank","first_blank-or","or",1,208,"first_blank-ji","ji",208,0,0,1,"orgasme","jigasme"
767,"ke","ke-st","st",1,9,"ke-am","am",9,0,0,1,"orkestra","orkeamra"
127,"ot","ot-ak","ak",1,15,"ku-ak","ku",15,0,0,1,"otak","kuak"
380,"ov","ov-en","en",1,5,"il-en","il",5,0,0,1,"oven","ilen"
780,"pa","pa-br","br",1,6,"pa-pu","pu",6,0,0,1,"pabrik","papuik"
718,"hl","hl-aw","aw",1,7,"rm-aw","rm",7,0,0,1,"pahlawan","parmawan"
879,"pa","pa-ka","ka",1,74,"al-ka","al",75,1,0,1,"pakar","alkar"
209,"pa","pa-ku","ku",1,11,"pa-ma","ma",11,0,0,1,"paku","pama"
816,"ls","ls-u","u",1,4,"ry-u","ry",4,0,0,1,"palsu","paryu"
35,"pa","pa-ma","ma",1,11,"pa-ku","ku",11,0,0,1,"paman","pakun"
163,"na","na-s","s",1,25,"ow-s","ow",25,0,0,1,"panas","paows"
917,"gi","gi-la","la",1,45,"gi-an","an",46,1,0,1,"panggilan","panggiann"
753,"nt","nt-ai","ai",1,59,"nt-on","on",57,2,0,1,"pantai","panton"
643,"nt","nt-at","at",1,16,"gr-at","gr",16,0,0,1,"pantat","pagrat"
94,"i ","i -as","as",1,1,"sa-as","sa",1,0,0,1,"panti asuhan","pantsaasuhan"
210,"no","no-id","id",1,6,"ov-id","ov",6,0,0,1,"paranoid","paraovid"
847,"pa","pa-rl","rl",1,13,"pa-th","th",13,0,0,1,"parlemen","pathemen"
34,"si","si-fi","fi",1,8,"si-me","me",8,0,0,1,"pasifik","pasimek"
930,"su","su-ka","ka",1,69,"ak-ka","ak",69,0,0,1,"pasukan","paakkan"
39,"ca","ca-ha","ha",1,11,"ca-pe","pe",11,0,0,1,"pecahan","pecapen"
682,"cu","cu-nd","nd",1,6,"cu-rt","rt",6,0,0,1,"pecundang","pecurtang"
766,"pe","pe-da","da",1,25,"pe-tr","tr",25,0,0,1,"pedang","petrng"
357,"rj","rj-aa","aa",1,14,"ks-aa","ks",14,0,0,1,"pekerjaan","pekeksaan"
665,"ti","ti-h","h",1,13,"ja-h","ja",13,0,0,1,"pelatih","pelajah"
660,"pe","pe-la","la",1,142,"pe-ri","ri",142,0,0,1,"pelayan","periyan"
350,"lu","lu-an","an",1,27,"om-an","om",27,0,0,1,"peluang","peomang"
316," d"," d-en","en",1,1,"lu-en","lu",1,0,0,1,"pembalasan dendam","pembalasanluendam"
715,"uk","uk-aa","aa",1,11,"si-aa","si",11,0,0,1,"pembukaan","pembsiaan"
676," d"," d-ar","ar",1,1,"du-ar","du",1,0,0,1,"pembuluh darah","pembuluhduarah"
678,"un","un-uh","uh",1,23,"nt-uh","nt",23,0,0,1,"pembunuh","pembntuh"
525,"cu","cu-last_blank","last_blank",1,19,"ig-last_blank","ig",19,0,0,1,"pemicu","pemiig"
245,"na","na-lt","lt",1,3,"na-rm","rm",3,0,0,1,"penalti","penarmi"
985,"pe","pe-na","na",1,141,"pe-ri","ri",142,1,0,1,"penangkal","peringkal"
512,"na","na-ri","ri",1,49,"na-nt","nt",49,0,0,1,"penari","penant"
702,"nc","nc-ip","ip",1,16,"ch-ip","ch",16,0,0,1,"penciptaan","pechiptaan"
910,"ul","ul-ik","ik",1,27,"ny-ik","ny",28,1,0,1,"penculik","pencnyik"
725,"ur","ur-ia","ia",1,7,"ur-se","se",7,0,0,1,"pencurian","pencursen"
865,"nd","nd-ap","ap",1,37,"nd-ir","ir",37,0,0,1,"pendapat","pendirat"
698,"ar","ar-at","at",1,38,"ar-ku","ku",39,1,0,1,"pendaratan","pendarkuan"
641,"ek","ek-last_blank","last_blank",1,135,"ad-last_blank","ad",135,0,0,1,"pendek","pendad"
976,"nd","nd-en","en",1,64,"nd-ah","ah",65,1,0,1,"pendengaran","pendahgaran"
874,"ne","ne-mb","mb",1,31,"ta-mb","ta",31,0,0,1,"penembak","petambak"
82,"ma","ma-an","an",1,20,"ss-an","ss",20,0,0,1,"penerimaan","penerissan"
271,"ng","ng-ac","ac",1,32,"ng-ua","ua",32,0,0,1,"pengacara","penguaara"
226,"il","il-an","an",1,79,"rm-an","rm",79,0,0,1,"pengadilan","pengadrman"
700,"al","al-am","am",1,62,"al-ny","ny",63,1,0,1,"pengalaman","pengalnyan"
185,"am","am-at","at",1,79,"mp-at","mp",78,1,0,1,"pengamatan","pengmpatan"
66,"pu","pu-na","na",1,14,"ti-na","ti",15,1,0,1,"pengampunan","pengamtinan"
699,"ti","ti-n ","n ",1,1,"ti-dw","dw",1,0,0,1,"pengantin pria","pengantidwpria"
10,"ng","ng-ar","ar",1,97,"ng-el","el",99,2,0,1,"pengarang","pengelang"
496,"ar","ar-uh","uh",1,21,"ar-ai","ai",21,0,0,1,"pengaruh","pengarai"
670,"as","as-uh","uh",1,21,"as-se","se",21,0,0,1,"pengasuh","pengasse"
521,"ng","ng-aw","aw",1,36,"ng-or","or",36,0,0,1,"pengawal","pengoral"
105,"el","el-ol","ol",1,6,"el-ys","ys",6,0,0,1,"pengelola","pengelysa"
3,"ol","ol-aa","aa",1,2,"iz-aa","iz",2,0,0,1,"pengelolaan","pengelizaan"
680,"n ","n -di","di",1,1,"ly-di","ly",1,0,0,1,"pengunduran diri","pengunduralydiri"
113,"gs","gs-i","i",1,9,"em-i","em",9,0,0,1,"pengungsi","pengunemi"
649,"ag","ag-a","a",1,30,"ir-a","ir",30,0,0,1,"penjaga","penjira"
457,"nj","nj-el","el",1,23,"nj-au","au",23,0,0,1,"penjelasan","penjauasan"
672,"nj","nj-ua","ua",1,16,"ka-ua","ka",16,0,0,1,"penjual","pekaual"
199,"iu","iu-n","n",1,6,"fi-n","fi",6,0,0,1,"pensiun","pensfin"
155,"h ","h -ka","ka",1,1,"jl-ka","jl",1,0,0,1,"penuh kasih","penujlkasih"
876,"nu","nu-mp","mp",1,20,"nu-tu","tu",20,0,0,1,"penumpang","penutuang"
714,"ny","ny-ai","ai",1,19,"ny-ek","ek",19,0,0,1,"penyair","penyekr"
689,"yi","yi-last_blank","last_blank",1,29,"ft-last_blank","ft",29,0,0,1,"penyanyi","penyanft"
259,"el","el-id","id",1,14,"el-en","en",14,0,0,1,"penyelidikan","penyelenikan"
970,"ew","ew-a","a",1,5,"nm-a","nm",5,0,0,1,"penyewa","penynma"
475,"la","la-ta","ta",1,30,"pi-ta","pi",30,0,0,1,"peralatan","perapitan"
748,"pe","pe-ra","ra",1,200,"pe-nd","nd",157,43,0,1,"perang","pendng"
978,"ka","ka-p","p",1,36,"tu-p","tu",17,19,0,1,"perangkap","perangtup"
381,"t ","t -lu","lu",1,1,"an-lu","an",1,0,0,1,"perangkat lunak","perangkaanlunak"
365,"rb","rb-an","an",1,71,"or-an","or",70,1,0,1,"perbankan","peorankan"
167,"ak","ak-ap","ap",1,9,"ak-en","en",9,0,0,1,"percakapan","percakenan"
742,"rc","rc-er","er",1,19,"ot-er","ot",19,0,0,1,"perceraian","peoteraian"
975,"ob","ob-aa","aa",1,6,"ng-aa","ng",6,0,0,1,"percobaan","percngaan"
515,"at","at-ia","ia",1,11,"at-ti","ti",11,0,0,1,"perhatian","perhattin"
669,"ri","ri-kl","kl",1,4,"ri-za","za",4,0,0,1,"periklanan","perizaanan"
12,"pe","pe-ri","ri",1,142,"pe-la","la",142,0,0,1,"peringatan","pelangatan"
232,"an","an- t"," t",1,1,"an-uv","uv",1,0,0,1,"peringatan tahunan","peringatanuvahunan"
151,"rl","rl-ah","ah",1,53,"ar-ah","ar",53,0,0,1,"perlahan-lahan","pearahanlahan"
473,"rl","rl-aw","aw",1,5,"gj-aw","gj",5,0,0,1,"perlawanan","pegjawanan"
612,"rp","rp-us","us",1,12,"ha-us","ha",12,0,0,1,"perpustakaan","pehaustakaan"
731,"rs","rs-ia","ia",1,26,"ll-ia","ll",26,0,0,1,"persiapan","pelliapan"
933,"rt","rt-am","am",1,23,"ir-am","ir",23,0,0,1,"pertama","peirama"
88,"ya","ya-an","an",1,30,"ek-an","ek",30,0,0,1,"pertanyaan","pertanekan"
741,"un","un-an","an",1,48,"im-an","im",48,0,0,1,"pertunangan","pertimangan"
6,"ha","ha-an","an",1,22,"ha-ns","ns",22,0,0,1,"perusahaan","perusahans"
137,"pe","pe-ru","ru",1,54,"ha-ru","ha",53,1,0,1,"perut","harut"
323,"pe","pe-so","so",1,9,"pe-ct","ct",9,0,0,1,"pesona","pectna"
656,"ni","ni-last_blank","last_blank",1,313,"ed-last_blank","ed",313,0,0,1,"petani","petaed"
666,"ti","ti- m"," m",1,1,"ti-sl","sl",1,0,0,1,"peti mati","petislati"
221,"pe","pe-ti","ti",1,32,"na-ti","na",32,0,0,1,"petir","natir"
211,"pi","pi-an","an",1,42,"rg-an","rg",42,0,0,1,"piano","rgano"
369,"pi","pi-da","da",1,13,"pi-lo","lo",13,0,0,1,"pidato","piloto"
79,"pi","pi-kn","kn",1,5,"pi-te","te",5,0,0,1,"piknik","piteik"
760,"pi","pi-li","li",1,17,"er-li","er",17,0,0,1,"pilihan","erlihan"
162,"first_blank","first_blank-pi","pi",1,612,"first_blank-tr","tr",585,27,0,1,"ping","trng"
126,"nt","nt-ar","ar",1,89,"nt-ik","ik",89,0,0,1,"pintar","pintik"
208,"u ","u -ge","ge",1,1,"as-ge","as",1,0,0,1,"pintu gerbang","pintasgerbang"
883,"ra","ra-mi","mi",1,36,"ra-to","to",36,0,0,1,"piramida","piratoda"
882,"pi","pi-sa","sa",1,20,"tu-sa","tu",21,1,0,1,"pisang","tusang"
849,"pi","pi-st","st",1,13,"pi-nj","nj",13,0,0,1,"pistol","pinjol"
631,"an","an-et","et",1,16,"tr-et","tr",16,0,0,1,"planet","pltret"
880,"at","at-fo","fo",1,3,"at-hy","hy",3,0,0,1,"platform","plathyrm"
443,"ay","ay-bo","bo",1,5,"ay-ed","ed",5,0,0,1,"playboy","playedy"
595,"pl","pl-us","us",1,2,"xt-us","xt",2,0,0,1,"plus","xtus"
841,"mp","mp-a","a",1,24,"rn-a","rn",24,0,0,1,"pompa","porna"
630,"po","po-pu","pu",1,16,"po-ll","ll",16,0,0,1,"populasi","polllasi"
938,"pu","pu-le","le",1,8,"pu-pu","pu",8,0,0,1,"populer","popupur"
193,"rn","rn-og","og",1,1,"rn-ix","ix",1,0,0,1,"pornografi","pornixrafi"
619,"si","si-ti","ti",1,15,"et-ti","et",15,0,0,1,"positif","poettif"
45,"po","po-te","te",1,25,"ns-te","ns",25,0,0,1,"potensi","nstensi"
171,"po","po-un","un",1,7,"ky-un","ky",7,0,0,1,"pound","kyund"
409,"ak","ak-te","te",1,10,"ia-te","ia",10,0,0,1,"praktek","priatek"
451,"pr","pr-ia","ia",1,10,"ak-ia","ak",10,0,0,1,"pria","akia"
262,"ad","ad-i","i",1,25,"na-i","na",25,0,0,1,"pribadi","pribnai"
166,"us","us-en","en",1,9,"ol-en","ol",9,0,0,1,"produsen","prodolen"
363,"of","of-il","il",1,13,"at-il","at",13,0,0,1,"profil","pratil"
687,"er","er-ti","ti",1,48,"er-ah","ah",48,0,0,1,"properti","properah"
784,"os","os-es","es",1,17,"os-an","an",17,0,0,1,"proses","prosan"
991,"ot","ot-ei","ei",1,3,"ot-ar","ar",3,0,0,1,"protein","protarn"
150,"ot","ot-es","es",1,7,"ot-ti","ti",7,0,0,1,"protes","protti"
783,"ek","ek-last_blank","last_blank",1,135,"ad-last_blank","ad",135,0,0,1,"proyek","proyad"
846,"pu","pu-as","as",1,19,"gl-as","gl",19,0,0,1,"puas","glas"
805,"pu","pu-b","b",1,1,"ui-b","ui",1,0,0,1,"pub","uib"
223,"ji","ji-an","an",1,25,"rh-an","rh",25,0,0,1,"pujian","purhan"
843,"pu","pu-li","li",1,7,"hi-li","hi",7,0,0,1,"pulih","hilih"
242,"ti","ti-h","h",1,13,"bu-h","bu",13,0,0,1,"putih","pubuh"
640,"tr","tr-i","i",1,25,"na-i","na",25,0,0,1,"putri","punai"
493,"cu","cu-n","n",1,7,"yn-n","yn",7,0,0,1,"racun","raynn"
827,"da","da-r","r",1,32,"tu-r","tu",32,0,0,1,"radar","ratur"
918,"di","di-o","o",1,8,"ck-o","ck",8,0,0,1,"radio","racko"
733,"di","di-us","us",1,14,"di-no","no",14,0,0,1,"radius","radino"
543,"ra","ra-gu","gu",1,31,"ra-kt","kt",31,0,0,1,"ragu","rakt"
598,"si","si-a","a",1,47,"nn-a","nn",47,0,0,1,"rahasia","rahanna"
447,"ks","ks-as","as",1,6,"rb-as","rb",6,0,0,1,"raksasa","rarbasa"
281,"mb","mb-ut","ut",1,52,"mb-in","in",52,0,0,1,"rambut","rambin"
900,"ra","ra-nt","nt",1,59,"ra-pa","pa",58,1,0,1,"rantai","rapaai"
59,"sa","sa-last_blank","last_blank",1,209,"li-last_blank","li",207,2,0,1,"rasa","rali"
383,"si","si-s","s",1,44,"ou-s","ou",44,0,0,1,"rasis","raous"
793,"ra","ra-tu","tu",1,26,"ra-nj","nj",26,0,0,1,"ratu","ranj"
187,"re","re-al","al",1,40,"re-se","se",40,0,0,1,"realitas","reseitas"
128,"re","re-fl","fl",1,17,"re-pu","pu",17,0,0,1,"refleksi","repueksi"
432,"gi","gi-on","on",1,6,"gi-gg","gg",6,0,0,1,"regional","regiggal"
854,"la","la-ti","ti",1,65,"la-nt","nt",66,1,0,1,"relatif","relantf"
802,"ma","ma-ja","ja",1,17,"ma-gi","gi",17,0,0,1,"remaja","remagi"
881,"re","re-nc","nc",1,35,"ma-nc","ma",35,0,0,1,"rencana","mancana"
959,"nd","nd-ah","ah",1,65,"nd-en","en",64,1,0,1,"rendah","renden"
834," h"," h-at","at",1,1,"tb-at","tb",1,0,0,1,"rendah hati","rendahtbati"
997,"re","re-po","po",1,23,"re-ha","ha",23,0,0,1,"reporter","reharter"
55,"si","si-me","me",1,8,"ja-me","ja",8,0,0,1,"resimen","rejamen"
437,"re","re-ta","ta",1,46,"re-nd","nd",47,1,0,1,"retakan","rendkan"
798,"bu","bu-last_blank","last_blank",1,44,"ag-last_blank","ag",44,0,0,1,"ribu","riag"
904,"first_blank","first_blank-ri","ri",1,381,"first_blank-ne","ne",382,1,0,1,"rintangan","nentangan"
64,"ri","ri-se","se",1,18,"es-se","es",18,0,0,1,"riset","esset"
583,"bo","bo-t","t",1,14,"gi-t","gi",14,0,0,1,"robot","rogit"
374,"de","de-o","o",1,6,"lt-o","lt",6,0,0,1,"rodeo","rolto"
204,"first_blank","first_blank-ro","ro",1,574,"first_blank-he","he",572,2,0,1,"rok","hek"
664,"ro","ro-ke","ke",1,13,"ro-nd","nd",13,0,0,1,"roket","rondt"
629,"ma","ma-last_blank","last_blank",1,246,"re-last_blank","re",243,3,0,1,"roma","rore"
286,"me","me-o","o",1,5,"rk-o","rk",5,0,0,1,"romeo","rorko"
332,"ro","ro-ti","ti",1,10,"ro-ve","ve",10,0,0,1,"roti","rove"
141," p"," p-an","an",1,1,"hs-an","hs",1,0,0,1,"roti panggang","rotihsanggang"
373,"rs","rs-ud","ud",1,5,"tr-ud","tr",5,0,0,1,"rsud","trud"
339,"ru","ru-ba","ba",1,23,"ru-mu","mu",22,1,0,1,"rubah","rumuh"
134,"first_blank","first_blank-ru","ru",1,319,"first_blank-sc","sc",318,1,0,1,"rum","scm"
25,"ma","ma-h","h",1,34,"rt-h","rt",33,1,0,1,"rumah","rurth"
274,"ru","ru-te","te",1,8,"ot-te","ot",8,0,0,1,"rute","otte"
427,"at","at- i"," i",1,1,"at-tv","tv",1,0,0,1,"saat ini","saattvni"
372,"sa","sa-ba","ba",1,24,"ru-ba","ru",23,1,0,1,"sabar","rubar"
593,"sa","sa-bt","bt",1,2,"sa-rb","rb",2,0,0,1,"sabtu","sarbu"
358,"sa","sa-ks","ks",1,21,"sa-hk","hk",21,0,0,1,"saksi","sahki"
172,"sa","sa-ku","ku",1,40,"ar-ku","ar",39,1,0,1,"saku","arku"
67,"sa","sa-la","la",1,102,"ke-la","ke",110,8,0,1,"salah","kelah"
76,"lu","lu-ra","ra",1,7,"as-ra","as",7,0,0,1,"saluran","saasran"
820,"sa","sa-mp","mp",1,62,"sa-si","si",62,0,0,1,"sampah","sasiah"
907,"sa","sa-nd","nd",1,78,"sa-ka","ka",78,0,0,1,"sandera","sakaera"
810,"wi","wi-ch","ch",1,8,"bu-ch","bu",8,0,0,1,"sandwich","sandbuch"
819,"ng","ng-at","at",1,109,"ng-en","en",110,1,0,1,"sangat","sangen"
37,"sa","sa-pi","pi",1,12,"ip-pi","ip",12,0,0,1,"sapi","ippi"
633,"ra","ra-f","f",1,5,"se-f","se",5,0,0,1,"saraf","sasef"
920,"sa","sa-ra","ra",1,86,"sa-nd","nd",78,8,0,1,"sarang","sandng"
952,"tu","tu-last_blank","last_blank",1,108,"if-last_blank","if",109,1,0,1,"satu","saif"
168,"sa","sa-tu","tu",1,39,"sa-nk","nk",39,0,0,1,"satuan","sankan"
829,"sa","sa-ud","ud",1,13,"nd-ud","nd",13,0,0,1,"saudari","ndudari"
464,"sa","sa-us","us",1,6,"br-us","br",6,0,0,1,"saus tomat","brus tomat"
814,"ya","ya- a"," a",1,1,"ya-co","co",1,0,0,1,"saya akan","sayacokan"
558,"sa","sa-ya","ya",1,58,"sa-nn","nn",58,0,0,1,"sayang","sannng"
342,"sa","sa-ya","ya",1,58,"sa-nn","nn",58,0,0,1,"sayangnya","sannngnya"
92,"be","be-na","na",1,72,"be-rh","rh",72,0,0,1,"sebenarnya","seberhrnya"
674,"ra","ra- f"," f",1,1,"ra-dw","dw",1,0,0,1,"secara finansial","secaradwinansial"
775,"ar","ar-fi","fi",1,1,"ar-id","id",1,0,0,1,"secara harfiah","secara haridah"
804,"es","es-mi","mi",1,1,"ud-mi","ud",1,0,0,1,"secara resmi","secara rudmi"
833,"ra","ra- s"," s",1,1,"ra-vu","vu",1,0,0,1,"secara sederhana","secaravuederhana"
153,"ra","ra- t"," t",1,1,"ra-yo","yo",1,0,0,1,"secara tidak sengaja","secarayoidak sengaja"
967,"di","di-h","h",1,6,"uc-h","uc",6,0,0,1,"sedih","seuch"
569,"se","se-ga","ga",1,31,"di-ga","di",32,1,0,1,"segar","digar"
594,"se","se-ha","ha",1,49,"se-ri","ri",49,0,0,1,"sehari-hari","seririhari"
622,"se","se-ha","ha",1,49,"se-me","me",49,0,0,1,"sehat","semet"
896,"se","se-ka","ka",1,77,"al-ka","al",75,2,0,1,"sekarang","alkarang"
32,"et","et-ar","ar",1,18,"di-ar","di",18,0,0,1,"sekretaris","sekrdiaris"
194,"ks","ks-ua","ua",1,13,"el-ua","el",13,0,0,1,"seksual","seelual"
983,"ku","ku-nd","nd",1,5,"ku-kn","kn",5,0,0,1,"sekunder","sekukner"
709,"se","se-l","l",1,16,"ai-l","ai",17,1,0,1,"sel","ail"
838,"lu","lu-last_blank","last_blank",1,60,"ny-last_blank","ny",60,0,0,1,"selalu","selany"
984,"la","la-ta","ta",1,30,"pi-ta","pi",30,0,0,1,"selatan","sepitan"
97,"le","le-br","br",1,16,"le-tu","tu",16,0,0,1,"selebriti","seletuiti"
228,"li","li-mu","mu",1,20,"am-mu","am",20,0,0,1,"selimut","seammut"
769,"ma","ma-k","k",1,15,"ko-k","ko",15,0,0,1,"semak","sekok"
768,"se","se-me","me",1,49,"se-ha","ha",49,0,0,1,"semen","sehan"
200,"me","me-st","st",1,15,"er-st","er",15,0,0,1,"semesta","seersta"
402,"na","na-r","r",1,32,"tu-r","tu",32,0,0,1,"seminar","semitur"
413,"se","se-mp","mp",1,44,"se-nd","nd",44,0,0,1,"sempit","sendit"
850,"na","na-pa","pa",1,32,"na-ti","ti",32,0,0,1,"senapan","senatin"
360,"nd","nd-ir","ir",1,37,"nd-ap","ap",37,0,0,1,"sendiri","sendapi"
203,"nd","nd-ok","ok",1,18,"nd-id","id",18,0,0,1,"sendok","sendid"
429,"se","se-ni","ni",1,20,"se-tt","tt",20,0,0,1,"seni","sett"
842,"se","se-ni","ni",1,20,"se-tu","tu",20,0,0,1,"senin","setun"
607,"se","se-ni","ni",1,20,"se-on","on",20,0,0,1,"senior","seonor"
878,"ns","ns-as","as",1,8,"ns-iu","iu",8,0,0,1,"sensasional","sensiuional"
667,"or","or-last_blank","last_blank",1,297,"ti-last_blank","ti",297,0,0,1,"sensor","sensti"
940,"ny","ny-um","um",1,28,"ny-ik","ik",28,0,0,1,"senyum","senyik"
627,"pt","pt-em","em",1,1,"yo-em","yo",1,0,0,1,"september","seyoember"
184,"se","se-ri","ri",1,49,"se-ha","ha",49,0,0,1,"seri","seha"
421,"se","se-rs","rs",1,10,"se-cu","cu",10,0,0,1,"sersan","secuan"
513,"se","se-ru","ru",1,29,"lu-ru","lu",29,0,0,1,"seru","luru"
70,"se","se-ru","ru",1,29,"nu-ru","nu",29,0,0,1,"serupa","nurupa"
729,"se","se-te","te",1,38,"se-ja","ja",38,0,0,1,"setengah","sejangah"
994,"sh","sh-er","er",1,49,"ev-er","ev",49,0,0,1,"sheriff","everiff"
998,"er","er-lo","lo",1,9,"er-ga","ga",9,0,0,1,"sherlock","shergack"
504,"ap","ap-last_blank","last_blank",1,170,"rd-last_blank","rd",168,2,0,1,"siap","sird"
721,"si","si-hi","hi",1,11,"si-sn","sn",11,0,0,1,"sihir","sisnr"
91,"si","si-ka","ka",1,124,"ta-ka","ta",121,3,0,1,"sikap","takap"
591,"pi","pi-l","l",1,6,"yu-l","yu",6,0,0,1,"sipil","siyul"
722,"si","si-pu","pu",1,4,"si-tr","tr",4,0,0,1,"siput","sitrt"
395,"tu","tu-as","as",1,9,"ep-as","ep",9,0,0,1,"situasi","siepasi"
922,"fa","fa-last_blank","last_blank",1,17,"aj-last_blank","aj",17,0,0,1,"sofa","soaj"
794,"so","so-pa","pa",1,9,"so-fi","fi",9,0,0,1,"sopan","sofin"
51,"so","so-ut","ut",1,16,"la-ut","la",16,0,0,1,"southern","lauthern"
980,"sp","sp-es","es",1,24,"sp-an","an",24,0,0,1,"spesial","spanial"
812,"sp","sp-io","io",1,4,"ot-io","ot",4,0,0,1,"spionase","otionase"
54,"ad","ad-io","io",1,4,"ad-he","he",4,0,0,1,"stadion","stadhen"
774,"at","at-us","us",1,9,"ca-us","ca",9,0,0,1,"status","stcaus"
903,"st","st-em","em",1,20,"st-ab","ab",20,0,0,1,"stempel","stabpel"
267,"su","su-am","am",1,5,"gg-am","gg",5,0,0,1,"suami","ggami"
8,"su","su-ar","ar",1,12,"it-ar","it",12,0,0,1,"suara","itara"
942,"da","da-h","h",1,41,"ic-h","ic",40,1,0,1,"sudah","suich"
201,"du","du-t","t",1,8,"ai-t","ai",8,0,0,1,"sudut","suait"
832,"su","su-ka","ka",1,69,"ak-ka","ak",69,0,0,1,"sukarelawan","akkarelawan"
255,"su","su-mb","mb",1,31,"ne-mb","ne",31,0,0,1,"sumber","nember"
143,"ng","ng-ai","ai",1,27,"ng-kr","kr",27,0,0,1,"sungai","sungkr"
815,"su","su-p","p",1,3,"er-p","er",2,1,0,1,"sup","erp"
57,"rm","rm-an","an",1,79,"il-an","il",79,0,0,1,"superman","supeilan"
190,"su","su-ra","ra",1,29,"le-ra","le",30,1,0,1,"surat","lerat"
621,"rg","rg-a","a",1,16,"pp-a","pp",16,0,0,1,"surga","suppa"
289,"su","su-last_blank","last_blank",1,42,"ud-last_blank","ud",42,0,0,1,"susu","suud"
301,"su","su-tr","tr",1,12,"su-lu","lu",12,0,0,1,"sutra","sulua"
757,"bl","bl-et","et",1,10,"bl-ik","ik",10,0,0,1,"tablet","tablik"
897,"kd","kd-ir","ir",1,8,"nj-ir","nj",8,0,0,1,"takdir","tanjir"
425,"ta","ta-ks","ks",1,11,"ta-ja","ja",11,0,0,1,"taksi","tajai"
901,"ta","ta-mb","mb",1,31,"ta-la","la",31,0,0,1,"tambahan","talaahan"
44,"ta","ta-me","me",1,9,"lo-me","lo",9,0,0,1,"tameng","lomeng"
935,"ta","ta-na","na",1,48,"gu-na","gu",47,1,0,1,"tanah","gunah"
111,"na","na-ma","ma",1,49,"na-nt","nt",49,0,0,1,"tanaman","tanantn"
288,"a ","a -ta","ta",1,1,"pl-ta","pl",1,0,0,1,"tanda tangan","tandpltangan"
420,"ta","ta-ng","ng",1,224,"li-ng","li",203,21,0,1,"tangan","lingan"
366,"ng","ng- j"," j",1,1,"ng-wu","wu",1,0,0,1,"tanggung jawab","tanggungwuawab"
584,"ng","ng-ki","ki",1,106,"ng-at","at",109,3,0,1,"tangki","tangat"
389,"s ","s -ka","ka",1,1,"mt-ka","mt",1,0,0,1,"tas kantor","tamtkantor"
63,"ta","ta-to","to",1,19,"ng-to","ng",18,1,0,1,"tato","ngto"
468,"kn","kn-is","is",1,7,"av-is","av",7,0,0,1,"teknis","teavis"
813,"og","og-i","i",1,44,"ah-i","ah",44,0,0,1,"teknologi","teknolahi"
789,"te","te-ks","ks",1,12,"ac-ks","ac",12,0,0,1,"teks","acks"
916,"nj","nj-an","an",1,75,"li-an","li",76,1,0,1,"telanjang","telaliang"
892,"le","le-gr","gr",1,6,"le-rm","rm",6,0,0,1,"telegram","telermam"
589,"le","le-sk","sk",1,5,"le-it","it",5,0,0,1,"teleskop","teleitop"
657,"lu","lu-k","k",1,14,"to-k","to",14,0,0,1,"teluk","tetok"
522,"te","te-mb","mb",1,44,"te-re","re",43,1,0,1,"tembakan","tereakan"
807,"ak","ak-au","au",1,13,"ak-up","up",13,0,0,1,"tembakau","tembakup"
433,"mp","mp-at","at",1,78,"am-at","am",79,1,0,1,"tempat","teamat"
691," b"," b-er","er",1,1,"ls-er","ls",1,0,0,1,"tempat berlindung","tempatlserlindung"
89,"ur","ur-last_blank","last_blank",1,239,"da-last_blank","da",237,2,0,1,"tempur","tempda"
863," m"," m-al","al",1,1,"tc-al","tc",1,0,0,1,"tengah malam","tengahtcalam"
416,"ro","ro-ka","ka",1,9,"el-ka","el",9,0,0,1,"tenggorokan","tenggoelkan"
652,"te","te-nt","nt",1,64,"ri-nt","ri",64,0,0,1,"tentara","rintara"
979,"nt","nt-u ","u ",1,1,"nt-wo","wo",1,0,0,1,"tentu saja","tentwosaja"
934,"ra","ra-kh","kh",1,19,"ra-tk","tk",19,0,0,1,"terakhir","teratkir"
736,"ra","ra-pi","pi",1,36,"ra-to","to",36,0,0,1,"terapi","terato"
937,"ad","ad-i","i",1,25,"na-i","na",25,0,0,1,"terjadi","terjnai"
941,"rk","rk-un","un",1,9,"ts-un","ts",9,0,0,1,"terkunci","tetsunci"
165,"rl","rl-am","am",1,21,"tr-am","tr",22,1,0,1,"terlambat","tetrambat"
471,"rl","rl-ar","ar",1,11,"uk-ar","uk",11,0,0,1,"terlarang","teukarang"
47,"in","in-al","al",1,26,"in-fo","fo",26,0,0,1,"terminal","terminfo"
145,"ti","ti-ba","ba",1,9,"je-ba","je",9,0,0,1,"tiba","jeba"
944,"ti","ti-ba","ba",1,9,"ha-ba","ha",9,0,0,1,"tiba-tiba","habatiba"
860,"a ","a -ap","ap",1,1,"nl-ap","nl",1,0,0,1,"tidak ada apa-apa","tidak adnlapaapa"
673,"da","da-k ","k ",1,1,"da-ua","ua",1,0,0,1,"tidak berdaya","tidauaberdaya"
946,"k ","k -be","be",1,1,"sp-be","sp",1,0,0,1,"tidak berguna","tidaspberguna"
83,"da","da-k ","k ",1,1,"da-yn","yn",1,0,0,1,"tidak bersalah","tidaynbersalah"
20,"da","da-k ","k ",1,1,"da-ic","ic",1,0,0,1,"tidak biasa","tidaicbiasa"
441,"k ","k -ma","ma",1,1,"ei-ma","ei",1,0,0,1,"tidak mabuk","tidaeimabuk"
950,"da","da-k ","k ",1,1,"da-ua","ua",1,0,0,1,"tidak nyaman","tidauanyaman"
740,"k ","k -pe","pe",1,1,"nt-pe","nt",1,0,0,1,"tidak pernah","tidantpernah"
78,"r ","r -se","se",1,1,"ya-se","ya",1,0,0,1,"tidur sebentar","tiduyasebentar"
648,"ti","ti-ke","ke",1,8,"ti-st","st",8,0,0,1,"tiket","tistt"
943,"ti","ti-ng","ng",1,184,"ga-ng","ga",185,1,0,1,"tinggal","ganggal"
909,"pi","pi-s","s",1,20,"bu-s","bu",20,0,0,1,"tipis","tibus"
562,"ti","ti-ti","ti",1,24,"ka-ti","ka",25,1,0,1,"titik","katik"
926,"to","to-il","il",1,7,"ib-il","ib",7,0,0,1,"toilet","ibilet"
962,"to","to-ko","ko",1,12,"to-uc","uc",12,0,0,1,"toko","touc"
484,"lo","lo-ng","ng",1,90,"de-ng","de",90,0,0,1,"tolong","todeng"
912,"to","to-mb","mb",1,19,"lu-mb","lu",19,0,0,1,"tombol","lumbol"
638,"to","to-ng","ng",1,54,"du-ng","du",54,0,0,1,"tongkat","dungkat"
570,"to","to-ta","ta",1,6,"to-ki","ki",6,0,0,1,"total","tokil"
466,"of","of-i","i",1,2,"tu-i","tu",2,0,0,1,"trofi","trtui"
606,"tu","tu-a","a",1,8,"gm-a","gm",8,0,0,1,"tua","gma"
463,"bu","bu-h","h",1,13,"ti-h","ti",13,0,0,1,"tubuh","tutih"
597,"tu","tu-ga","ga",1,17,"tu-si","si",17,0,0,1,"tugas","tusis"
86,"tu","tu-ha","ha",1,26,"pa-ha","pa",26,0,0,1,"tuhan","pahan"
449,"ju","ju-an","an",1,33,"ka-an","ka",33,0,0,1,"tujuan","tukaan"
927,"tu","tu-la","la",1,25,"de-la","de",25,0,0,1,"tulang","delang"
1," b"," b-el","el",1,1,"br-el","br",1,0,0,1,"tulang belakang","tulangbrelakang"
298,"tu","tu-mo","mo",1,3,"tu-tn","tn",3,0,0,1,"tumor","tutnr"
430,"tu","tu-na","na",1,18,"ur-na","ur",19,1,0,1,"tuna","urna"
974,"na","na-i","i",1,25,"ad-i","ad",25,0,0,1,"tunai","tuadi"
536,"tu","tu-ng","ng",1,108,"si-ng","si",108,0,0,1,"tunggu","singgu"
501,"tu","tu-nt","nt",1,18,"ja-nt","ja",18,0,0,1,"tuntutan","jantutan"
791,"tu","tu-pa","pa",1,7,"sa-pa","sa",7,0,0,1,"tupai","sapai"
133,"am","am-en","en",1,30,"am-ny","ny",30,0,0,1,"turnamen","turnamny"
314,"tu","tu-ru","ru",1,27,"tu-nj","nj",27,0,0,1,"turun","tunjn"
626,"first_blank","first_blank-ud","ud",1,32,"first_blank-ss","ss",32,0,0,1,"udara","ssara"
642,"first_blank","first_blank-uk","uk",1,23,"first_blank-qi","qi",23,0,0,1,"ukuran","qiuran"
376,"um","um-um","um",1,10,"nd-um","nd",10,0,0,1,"umum","ndum"
982,"up","up-ac","ac",1,4,"ar-ac","ar",4,0,0,1,"upacara","aracara"
646,"us","us-an","an",1,38,"en-an","en",38,0,0,1,"urusan","urenan"
305,"us","us-ku","ku",1,16,"et-ku","et",16,0,0,1,"uskup","etkup"
708,"va","va-gi","gi",1,8,"or-gi","or",8,0,0,1,"vagina","orgina"
254,"vi","vi-ru","ru",1,7,"da-ru","da",7,0,0,1,"virus","darus"
183,"wa","wa-ba","ba",1,12,"al-ba","al",12,0,0,1,"wabah","albah"
705,"hy","hy-u","u",1,2,"nc-u","nc",2,0,0,1,"wahyu","wancu"
586,"wa","wa-ri","ri",1,40,"wa-ng","ng",39,1,0,1,"warisan","wangsan"
106,"wa","wa-sh","sh",1,10,"de-sh","de",10,0,0,1,"washington","deshington"
387,"sa","sa-ta","ta",1,20,"ge-ta","ge",20,0,0,1,"wisata","wigeta"
992,"wi","wi-sk","sk",1,5,"wi-le","le",5,0,0,1,"wiski","wilei"
996,"ng","ng- m"," m",1,1,"ng-ae","ae",1,0,0,1,"yang mulia","yangaeulia"
756,"yo","yo-ga","ga",1,2,"bi-ga","bi",2,0,0,1,"yoga","biga"
632,"ik","ik-si","si",1,16,"me-si","me",16,0,0,1,"yurisdiksi","yurisdmesi"
986,"zo","zo-mb","mb",1,12,"si-mb","si",12,0,0,1,"zombie","simbie"
